# Matter power spectrum P(k) at redshift z=0
# for k=1.0756e-05 to 5.05928 h/Mpc,
# number of wavenumbers equal to 541
#    1:k (h/Mpc)              2:P (Mpc/h)^3        
       1.075595641369e-05       1.640244872624e+05 
       2.506818228124e-05       1.450489334396e+04 
       3.943970173348e-05       4.602095001193e+03 
       5.391826921033e-05       2.385436841057e+03 
       6.855258181608e-05       1.600902092403e+03 
       8.339281490234e-05       1.253213582817e+03 
       9.849117808251e-05       1.083151526610e+03 
       1.139025006603e-04       9.971655175051e+02 
       1.296848555047e-04       9.551089363153e+02 
       1.459002304222e-04       9.414875181228e+02 
       1.626152559764e-04       9.463345283197e+02 
       1.799019983399e-04       9.643952164474e+02 
       1.978388249638e-04       9.925965807985e+02 
       2.165113493332e-04       1.028879321646e+03 
       2.360134585056e-04       1.072176180997e+03 
       2.564484230016e-04       1.121812209391e+03 
       2.779300823240e-04       1.177530029066e+03 
       3.005840901019e-04       1.239013482354e+03 
       3.245491896530e-04       1.306491398947e+03 
       3.499784725329e-04       1.380149089741e+03 
       3.770405483374e-04       1.460153886118e+03 
       4.059205228533e-04       1.546973887526e+03 
       4.368206435621e-04       1.641027991339e+03 
       4.699604279261e-04       1.742856045864e+03 
       5.055760447502e-04       1.853101358635e+03 
       5.439186799037e-04       1.972360963849e+03 
       5.852515973056e-04       2.101332390150e+03 
       6.298456220034e-04       2.240735162081e+03 
       6.779728455585e-04       2.391151681613e+03 
       7.298985045244e-04       2.552931915488e+03 
       7.858712198764e-04       2.727549738401e+03 
       8.461120957031e-04       2.914398489711e+03 
       9.108035130982e-04       3.113989324655e+03 
       9.800787393052e-04       3.326494421937e+03 
       1.054013603291e-03       3.551626576513e+03 
       1.132621383586e-03       3.788990967797e+03 
       1.215851687364e-03       4.037940602680e+03 
       1.303593532156e-03       4.297724875478e+03 
       1.395682210468e-03       4.567564393191e+03 
       1.491908987772e-03       4.843929591415e+03 
       1.592032383337e-03       5.129956524372e+03 
       1.695789755582e-03       5.421985423003e+03 
       1.802908116008e-03       5.719058025392e+03 
       1.913113431076e-03       6.019990323524e+03 
       2.026138033821e-03       6.323452983876e+03 
       2.141726077537e-03       6.628217657419e+03 
       2.259637183339e-03       6.933591412730e+03 
       2.379648557374e-03       7.238908347934e+03 
       2.501555898998e-03       7.543162594688e+03 
       2.625173412846e-03       7.845126472190e+03 
       2.750333199085e-03       8.146325841158e+03 
       2.876884245027e-03       8.444530939841e+03 
       3.004691189378e-03       8.739892263187e+03 
       3.133632984034e-03       9.031750357560e+03 
       3.263601540084e-03       9.319802863315e+03 
       3.394500414922e-03       9.603901555122e+03 
       3.526243575185e-03       9.883749383778e+03 
       3.658754254424e-03       1.015924117147e+04 
       3.791963913477e-03       1.043023427004e+04 
       3.925811304325e-03       1.069648943759e+04 
       4.060241633705e-03       1.095821734702e+04 
       4.195205820085e-03       1.121512671747e+04 
       4.330659836327e-03       1.146752988198e+04 
       4.466564129808e-03       1.171462738385e+04 
       4.602883111892e-03       1.195752481755e+04 
       4.739584708979e-03       1.219501686337e+04 
       4.876639967945e-03       1.242766591160e+04 
       5.014022709428e-03       1.265608002697e+04 
       5.151709223079e-03       1.287952836674e+04 
       5.289677999554e-03       1.309726294585e+04 
       5.427909494636e-03       1.331006585960e+04 
       5.566385921414e-03       1.351884058093e+04 
       5.705091067007e-03       1.372278005543e+04 
       5.844010130698e-03       1.392199906945e+04 
       5.983129580812e-03       1.411577010731e+04 
       6.122437027980e-03       1.430695411548e+04 
       6.261921112749e-03       1.449219103265e+04 
       6.401571405767e-03       1.467341520922e+04 
       6.541378319008e-03       1.485118521979e+04 
       6.681333026685e-03       1.502377807020e+04 
       6.821427394692e-03       1.519147715064e+04 
       6.961653917561e-03       1.535559155706e+04 
       7.102005662048e-03       1.551743064565e+04 
       7.242476216559e-03       1.567288750375e+04 
       7.383059645777e-03       1.582526392838e+04 
       7.523750449857e-03       1.597329753605e+04 
       7.664543527705e-03       1.611750920128e+04 
       7.805434143869e-03       1.625818307392e+04 
       7.946417898653e-03       1.639455080891e+04 
       8.087490701098e-03       1.652755775827e+04 
       8.228648744524e-03       1.665663599523e+04 
       8.369888484364e-03       1.678242456862e+04 
       8.511206618042e-03       1.690256332395e+04 
       8.652600066693e-03       1.702097988062e+04 
       8.794065958527e-03       1.713604051589e+04 
       8.935601613676e-03       1.724778980103e+04 
       9.077204530377e-03       1.735619350937e+04 
       9.218872372354e-03       1.746124880526e+04 
       9.360602957284e-03       1.756316887781e+04 
       9.502394246250e-03       1.766180330159e+04 
       9.644244334069e-03       1.775758610659e+04 
       9.786151440436e-03       1.785006096845e+04 
       9.928113901788e-03       1.793948975835e+04 
       1.007013016383e-02       1.802602017244e+04 
       1.021219877468e-02       1.810950160281e+04 
       1.035431837852e-02       1.819016085513e+04 
       1.049648770980e-02       1.826869910818e+04 
       1.063870558785e-02       1.834403790499e+04 
       1.078097091196e-02       1.841575147079e+04 
       1.092328265676e-02       1.848585252083e+04 
       1.106563986805e-02       1.855268710158e+04 
       1.120804165886e-02       1.861735967503e+04 
       1.135048720587e-02       1.867928754310e+04 
       1.149297574603e-02       1.873866422848e+04 
       1.163550657351e-02       1.879561259962e+04 
       1.177807903680e-02       1.885023937059e+04 
       1.192069253608e-02       1.890239432688e+04 
       1.206334652074e-02       1.895226616857e+04 
       1.220604048710e-02       1.899986288575e+04 
       1.234877397630e-02       1.904507161543e+04 
       1.249154657232e-02       1.908797271684e+04 
       1.263435790018e-02       1.912879728066e+04 
       1.277720762420e-02       1.916767537425e+04 
       1.292009544651e-02       1.920436245483e+04 
       1.306302110549e-02       1.923865239327e+04 
       1.320598437450e-02       1.927113490367e+04 
       1.334898506058e-02       1.930169828179e+04 
       1.349202300332e-02       1.933016265169e+04 
       1.363509807373e-02       1.935707214088e+04 
       1.377821017332e-02       1.938114186507e+04 
       1.392135923308e-02       1.940408442631e+04 
       1.406454521272e-02       1.942481634533e+04 
       1.420776809979e-02       1.944356486930e+04 
       1.435102790903e-02       1.946131664808e+04 
       1.449432468166e-02       1.947671630879e+04 
       1.463765848477e-02       1.949026218949e+04 
       1.478102941074e-02       1.950238075078e+04 
       1.492443757675e-02       1.951254160360e+04 
       1.506788312428e-02       1.952147070467e+04 
       1.521136621873e-02       1.952846323703e+04 
       1.535488704894e-02       1.953378235670e+04 
       1.549844582695e-02       1.953769129006e+04 
       1.564204278759e-02       1.953987466754e+04 
       1.578567818826e-02       1.954080517950e+04 
       1.592935230867e-02       1.954007652323e+04 
       1.607306545061e-02       1.953789575258e+04 
       1.621681793777e-02       1.953422608389e+04 
       1.636061011562e-02       1.952919149139e+04 
       1.650444235122e-02       1.952294499984e+04 
       1.664831503316e-02       1.951458519726e+04 
       1.679222857148e-02       1.950571313256e+04 
       1.693618339762e-02       1.949525059996e+04 
       1.708017996436e-02       1.948349520959e+04 
       1.722421874586e-02       1.947024009565e+04 
       1.736830023764e-02       1.945585692853e+04 
       1.751242495665e-02       1.944027235909e+04 
       1.765659344131e-02       1.942348189423e+04 
       1.780080625159e-02       1.940553795163e+04 
       1.794506396910e-02       1.938624998956e+04 
       1.808936719726e-02       1.936592707547e+04 
       1.823371656135e-02       1.934453997288e+04 
       1.837811270876e-02       1.932205176543e+04 
       1.852255630910e-02       1.929855464760e+04 
       1.866704805443e-02       1.927350876640e+04 
       1.881158865943e-02       1.924781195995e+04 
       1.895617886170e-02       1.922094820631e+04 
       1.910081942191e-02       1.919300795433e+04 
       1.924551112415e-02       1.916449380812e+04 
       1.939025477619e-02       1.913458162943e+04 
       1.953505120972e-02       1.910456449197e+04 
       1.967990128074e-02       1.907258947306e+04 
       1.982480586987e-02       1.904015823360e+04 
       1.996976588269e-02       1.900630415551e+04 
       2.011478225010e-02       1.897243227332e+04 
       2.025985592872e-02       1.893726660970e+04 
       2.040498790130e-02       1.890131029359e+04 
       2.055017917713e-02       1.886475614590e+04 
       2.069543079245e-02       1.882697890208e+04 
       2.084074381096e-02       1.878867364944e+04 
       2.098611932426e-02       1.874947114305e+04 
       2.113155845234e-02       1.870948801781e+04 
       2.127706234411e-02       1.866889958229e+04 
       2.142263217790e-02       1.862740547335e+04 
       2.156826916204e-02       1.858562714630e+04 
       2.171397453542e-02       1.854247880739e+04 
       2.185974956806e-02       1.849901820291e+04 
       2.200559556174e-02       1.845476759757e+04 
       2.215151385061e-02       1.840998876852e+04 
       2.229750580186e-02       1.836486212772e+04 
       2.244357281639e-02       1.831853902638e+04 
       2.258971632947e-02       1.827165900743e+04 
       2.273593781151e-02       1.822489524624e+04 
       2.288223876875e-02       1.817702433350e+04 
       2.302862074405e-02       1.812850449283e+04 
       2.317508531768e-02       1.807911581588e+04 
       2.332163410811e-02       1.803012854361e+04 
       2.346826877287e-02       1.798020825562e+04 
       2.361499100937e-02       1.792910632960e+04 
       2.376180255587e-02       1.787841106466e+04 
       2.390870519233e-02       1.782666572874e+04 
       2.405570074136e-02       1.777455555217e+04 
       2.420279106923e-02       1.772219692201e+04 
       2.434997808685e-02       1.766920391047e+04 
       2.449726375083e-02       1.761587770836e+04 
       2.464465006450e-02       1.756208523632e+04 
       2.479213907907e-02       1.750791215712e+04 
       2.493973289473e-02       1.745342108970e+04 
       2.508743366182e-02       1.739833369965e+04 
       2.523524358206e-02       1.734304407361e+04 
       2.538316490977e-02       1.728741378457e+04 
       2.553119995315e-02       1.723125211525e+04 
       2.567935107562e-02       1.717473660280e+04 
       2.582762069719e-02       1.711793598224e+04 
       2.597601129582e-02       1.706094101123e+04 
       2.612452540893e-02       1.700354384579e+04 
       2.627316563482e-02       1.694572442779e+04 
       2.642193463431e-02       1.688744429951e+04 
       2.657083513223e-02       1.682951404431e+04 
       2.671986991914e-02       1.677146059890e+04 
       2.686904185296e-02       1.671219883066e+04 
       2.701835386077e-02       1.665332529698e+04 
       2.716780894059e-02       1.659397267327e+04 
       2.731741016321e-02       1.653443435585e+04 
       2.746716067419e-02       1.647457103796e+04 
       2.761706369577e-02       1.641459761452e+04 
       2.776712252894e-02       1.635469557224e+04 
       2.791734055559e-02       1.629407266994e+04 
       2.806772124064e-02       1.623360893028e+04 
       2.821826813436e-02       1.617341213077e+04 
       2.836898487464e-02       1.611232118145e+04 
       2.851987518946e-02       1.605126849236e+04 
       2.867094289936e-02       1.598944684814e+04 
       2.882219192001e-02       1.592891417662e+04 
       2.897362626489e-02       1.586680753252e+04 
       2.912525004808e-02       1.580520890885e+04 
       2.927706748703e-02       1.574349024086e+04 
       2.942908290560e-02       1.568162094924e+04 
       2.958130073709e-02       1.561975005781e+04 
       2.973372552740e-02       1.555789926957e+04 
       2.988636193829e-02       1.549566772874e+04 
       3.003921475082e-02       1.543323219818e+04 
       3.019228886884e-02       1.537132081480e+04 
       3.034558932265e-02       1.530878792597e+04 
       3.049912127274e-02       1.524617839119e+04 
       3.065289001378e-02       1.518370528806e+04 
       3.080690097861e-02       1.512114516944e+04 
       3.096115974251e-02       1.505854647333e+04 
       3.111567202753e-02       1.499580091834e+04 
       3.127044370705e-02       1.493332479739e+04 
       3.142548081051e-02       1.487048838124e+04 
       3.158078952826e-02       1.480799299831e+04 
       3.173637621667e-02       1.474496684869e+04 
       3.189224740342e-02       1.468221543148e+04 
       3.204840979296e-02       1.461958811039e+04 
       3.220487027223e-02       1.455691274754e+04 
       3.236163591659e-02       1.449405513485e+04 
       3.251871399601e-02       1.443123119455e+04 
       3.267611198145e-02       1.436857955290e+04 
       3.283383755162e-02       1.430564873517e+04 
       3.299189859984e-02       1.424277290627e+04 
       3.315030324139e-02       1.418010784697e+04 
       3.330905982100e-02       1.411810174811e+04 
       3.346817692075e-02       1.405530418066e+04 
       3.362766336830e-02       1.399290064907e+04 
       3.378752824539e-02       1.393054944182e+04 
       3.394778089687e-02       1.386751656813e+04 
       3.410843093993e-02       1.380567932199e+04 
       3.426948827390e-02       1.374303782194e+04 
       3.443096309044e-02       1.368108254112e+04 
       3.459286588410e-02       1.361880419685e+04 
       3.475520746348e-02       1.355670594260e+04 
       3.491799896287e-02       1.349427072341e+04 
       3.508125185437e-02       1.343293433700e+04 
       3.524497796062e-02       1.337067649457e+04 
       3.540918946815e-02       1.330901234528e+04 
       3.557389894133e-02       1.324708770870e+04 
       3.573911933700e-02       1.318569400766e+04 
       3.590486401979e-02       1.312399862746e+04 
       3.607114677823e-02       1.306256324079e+04 
       3.623798184162e-02       1.300121779233e+04 
       3.640538389777e-02       1.294000022526e+04 
       3.657336811161e-02       1.287878190963e+04 
       3.674195014474e-02       1.281770456191e+04 
       3.691114617603e-02       1.275684586594e+04 
       3.708097292326e-02       1.269600159440e+04 
       3.725144766586e-02       1.263521019076e+04 
       3.742258826894e-02       1.257471101728e+04 
       3.759441320854e-02       1.251407323140e+04 
       3.776694159828e-02       1.245389574966e+04 
       3.794019321743e-02       1.239353154331e+04 
       3.811418854060e-02       1.233366052928e+04 
       3.828894876904e-02       1.227351657948e+04 
       3.846449586371e-02       1.221341816279e+04 
       3.864085258029e-02       1.215367679046e+04 
       3.881804250616e-02       1.209395875767e+04 
       3.899609009957e-02       1.203409432853e+04 
       3.917502073115e-02       1.197471725335e+04 
       3.935486072784e-02       1.191570558714e+04 
       3.953563741959e-02       1.185594516877e+04 
       3.971737918880e-02       1.179724945712e+04 
       3.990011552294e-02       1.173803705937e+04 
       4.008387707040e-02       1.167906828433e+04 
       4.026869569995e-02       1.162056230681e+04 
       4.045460456395e-02       1.156196892077e+04 
       4.064163816580e-02       1.150347096878e+04 
       4.082983243174e-02       1.144500902666e+04 
       4.101922478748e-02       1.138672870415e+04 
       4.120985424011e-02       1.132846003723e+04 
       4.140176146550e-02       1.127084069322e+04 
       4.159498890188e-02       1.121251520557e+04 
       4.178958084998e-02       1.115486485218e+04 
       4.198558358037e-02       1.109719012189e+04 
       4.218304544858e-02       1.103932682255e+04 
       4.238201701860e-02       1.098205567582e+04 
       4.258255119575e-02       1.092456824429e+04 
       4.278470336946e-02       1.086722558732e+04 
       4.298853156711e-02       1.080998933804e+04 
       4.319409661983e-02       1.075317554244e+04 
       4.340146234137e-02       1.069575618672e+04 
       4.361069572145e-02       1.063890812249e+04 
       4.382186713473e-02       1.058234799114e+04 
       4.403505056727e-02       1.052525343878e+04 
       4.425032386187e-02       1.046871143416e+04 
       4.446776898455e-02       1.041217403282e+04 
       4.468747231409e-02       1.035552924702e+04 
       4.490952495725e-02       1.029906129655e+04 
       4.513402309222e-02       1.024266464715e+04 
       4.536106834360e-02       1.018629415345e+04 
       4.559076819215e-02       1.012991585825e+04 
       4.582323642342e-02       1.007352699091e+04 
       4.605859361957e-02       1.001731308854e+04 
       4.629696769950e-02       9.960802793468e+03 
       4.653849451296e-02       9.904686944105e+03 
       4.678331849519e-02       9.848618317211e+03 
       4.703159338957e-02       9.792659779167e+03 
       4.728348304672e-02       9.736043011316e+03 
       4.753916230998e-02       9.679875799103e+03 
       4.779881799830e-02       9.623807963855e+03 
       4.806264999983e-02       9.567274664228e+03 
       4.833087249093e-02       9.511472141552e+03 
       4.860371529818e-02       9.454645213745e+03 
       4.888142542358e-02       9.398479959458e+03 
       4.916426875652e-02       9.341438172528e+03 
       4.945253200020e-02       9.285200860643e+03 
       4.974652484485e-02       9.228525036665e+03 
       5.004658242589e-02       9.171357235170e+03 
       5.035306811216e-02       9.114235624029e+03 
       5.066637667757e-02       9.057026840833e+03 
       5.098693791975e-02       8.999839572438e+03 
       5.131522080155e-02       8.941994445781e+03 
       5.165173820637e-02       8.884105939411e+03 
       5.199705241662e-02       8.825806566087e+03 
       5.235178144766e-02       8.767623041443e+03 
       5.271660639744e-02       8.708649710761e+03 
       5.309228000718e-02       8.649326357318e+03 
       5.347963667216e-02       8.589712448039e+03 
       5.387960419616e-02       8.529736958627e+03 
       5.429321765192e-02       8.469080214037e+03 
       5.472163579689e-02       8.407953405245e+03 
       5.516616060323e-02       8.346169928838e+03 
       5.562826060073e-02       8.283477854781e+03 
       5.610959890933e-02       8.220361699083e+03 
       5.661206706435e-02       8.156171623964e+03 
       5.713782602636e-02       8.091115251871e+03 
       5.768935613500e-02       8.024790012962e+03 
       5.826951822891e-02       7.957219930793e+03 
       5.888162873208e-02       7.888210168211e+03 
       5.952955221196e-02       7.817542036344e+03 
       6.021781574179e-02       7.744922891462e+03 
       6.095175030046e-02       7.670035465754e+03 
       6.173766527099e-02       7.592728101226e+03 
       6.258306250674e-02       7.512325649038e+03 
       6.349689567201e-02       7.427851025549e+03 
       6.448987711319e-02       7.339128094977e+03 
       6.557482545346e-02       7.244908172288e+03 
       6.676702713475e-02       7.143891358683e+03 
       6.808454548034e-02       7.034294584202e+03 
       6.954833925354e-02       6.913998893994e+03 
       7.118193851756e-02       6.779879214800e+03 
       7.301027981614e-02       6.628529554214e+03 
       7.505720623479e-02       6.455625510477e+03 
       7.734130904393e-02       6.256598863339e+03 
       7.987055222718e-02       6.027722453662e+03 
       8.263751691384e-02       5.767093272200e+03 
       8.561814583746e-02       5.477012436382e+03 
       8.877578305029e-02       5.163730748299e+03 
       9.206899960103e-02       4.837837686559e+03 
       9.545925076047e-02       4.511543122208e+03 
       9.891534215610e-02       4.197244620421e+03 
       1.024144094157e-01       3.905409062462e+03 
       1.059407949253e-01       3.643295168053e+03 
       1.094842477274e-01       3.415037252115e+03 
       1.130382476884e-01       3.221417984669e+03 
       1.165987223395e-01       3.060840139581e+03 
       1.201631564722e-01       2.929317318204e+03 
       1.237300072963e-01       2.821635836653e+03 
       1.272983323827e-01       2.731802195779e+03 
       1.308675574155e-01       2.653585476381e+03 
       1.344373328525e-01       2.580921143249e+03 
       1.380074460615e-01       2.508757400117e+03 
       1.415777676814e-01       2.433090981293e+03 
       1.451482189587e-01       2.351406629718e+03 
       1.487187518860e-01       2.262750056550e+03 
       1.522893371352e-01       2.167615786320e+03 
       1.558599567295e-01       2.067692255005e+03 
       1.594305995949e-01       1.965487198555e+03 
       1.630012588590e-01       1.863875418811e+03 
       1.665719302110e-01       1.765721423117e+03 
       1.701426109054e-01       1.673533204800e+03 
       1.737132991565e-01       1.589235569484e+03 
       1.772839937702e-01       1.514041725994e+03 
       1.808546939198e-01       1.448427714542e+03 
       1.844253990093e-01       1.392175283002e+03 
       1.879961085891e-01       1.344476833346e+03 
       1.915668223052e-01       1.304071458532e+03 
       1.951375398675e-01       1.269401403108e+03 
       1.987082610294e-01       1.238762504852e+03 
       2.022789855761e-01       1.210585631741e+03 
       2.058497133161e-01       1.183400100107e+03 
       2.094204440764e-01       1.155706095363e+03 
       2.129911776985e-01       1.126534426748e+03 
       2.165619140369e-01       1.095342237544e+03 
       2.201326529563e-01       1.062032672479e+03 
       2.237033943309e-01       1.026917287695e+03 
       2.272741380436e-01       9.906066914194e+02 
       2.308448839845e-01       9.538917571568e+02 
       2.344156320508e-01       9.175994819171e+02 
       2.379863821460e-01       8.824898657370e+02 
       2.415571341792e-01       8.491978967448e+02 
       2.451278880653e-01       8.181988789736e+02 
       2.486986437237e-01       7.898086997978e+02 
       2.522694010786e-01       7.641777822903e+02 
       2.558401600585e-01       7.412945345641e+02 
       2.594109205959e-01       7.209853499003e+02 
       2.629816826268e-01       7.029332894124e+02 
       2.665524460909e-01       6.867060119519e+02 
       2.701232109308e-01       6.718095934347e+02 
       2.736939770925e-01       6.577443792848e+02 
       2.772647445246e-01       6.440595897858e+02 
       2.808355131781e-01       6.303875233534e+02 
       2.844062830070e-01       6.164704483242e+02 
       2.879770539671e-01       6.021611095896e+02 
       2.915478260167e-01       5.874087283110e+02 
       2.951185991160e-01       5.722490247150e+02 
       2.986893732271e-01       5.567982085676e+02 
       3.022601483139e-01       5.412355988461e+02 
       3.058309243421e-01       5.257865643128e+02 
       3.094017012788e-01       5.106803228217e+02 
       3.129724790929e-01       4.961165425682e+02 
       3.165432577544e-01       4.822707015543e+02 
       3.201140372349e-01       4.692942013296e+02 
       3.236848175071e-01       4.572350868421e+02 
       3.272555985448e-01       4.460767402059e+02 
       3.308263803233e-01       4.357563667544e+02 
       3.343971628186e-01       4.261801387757e+02 
       3.379679460080e-01       4.172351889880e+02 
       3.415387298694e-01       4.087991196008e+02 
       3.451095143821e-01       4.007421133985e+02 
       3.486802995257e-01       3.929373816525e+02 
       3.522510852812e-01       3.852674571934e+02 
       3.558218716299e-01       3.776365632709e+02 
       3.593926585541e-01       3.699799037603e+02 
       3.629634460366e-01       3.622704309066e+02 
       3.665342340613e-01       3.545162634772e+02 
       3.701050226121e-01       3.467534167254e+02 
       3.736758116741e-01       3.390317222377e+02 
       3.772466012325e-01       3.314080386953e+02 
       3.808173912735e-01       3.239371912453e+02 
       3.843881817834e-01       3.166695912900e+02 
       3.879589727493e-01       3.096478479113e+02 
       3.915297641586e-01       3.029086525702e+02 
       3.951005559993e-01       2.964798749740e+02 
       3.986713482597e-01       2.903721698220e+02 
       4.022421409286e-01       2.845805255710e+02 
       4.058129339951e-01       2.790811168598e+02 
       4.093837274488e-01       2.738361423964e+02 
       4.129545212797e-01       2.688030328528e+02 
       4.165253154779e-01       2.639373987379e+02 
       4.200961100341e-01       2.592032931065e+02 
       4.236669049392e-01       2.545707900363e+02 
       4.272377001844e-01       2.500187720568e+02 
       4.308084957611e-01       2.455319013166e+02 
       4.343792916613e-01       2.410976887759e+02 
       4.379500878769e-01       2.367087386177e+02 
       4.415208844003e-01       2.323632852995e+02 
       4.450916812241e-01       2.280664701743e+02 
       4.486624783409e-01       2.238299862888e+02 
       4.522332757439e-01       2.196701282852e+02 
       4.558040734263e-01       2.156031491477e+02 
       4.593748713816e-01       2.116421472649e+02 
       4.629456696034e-01       2.077952327505e+02 
       4.665164680857e-01       2.040653997542e+02 
       4.700872668223e-01       2.004520836809e+02 
       4.736580658076e-01       1.969543515807e+02 
       4.772288650359e-01       1.935705044747e+02 
       4.807996645019e-01       1.902983955183e+02 
       4.843704642001e-01       1.871330863498e+02 
       4.879412641257e-01       1.840664957077e+02 
       4.915120642734e-01       1.810870005942e+02 
       4.950828646386e-01       1.781810965019e+02 
       4.986536652166e-01       1.753359880106e+02 
       5.022244660027e-01       1.725419415130e+02 
       5.057952669925e-01       1.697929881548e+02 
       5.093660681819e-01       1.670868734137e+02 
       5.129368695665e-01       1.644229166699e+02 
       5.165076711423e-01       1.618011312496e+02 
       5.200784729054e-01       1.592212898738e+02 
       5.236492748519e-01       1.566833858692e+02 
       5.272200769781e-01       1.541889708067e+02 
       5.307908792803e-01       1.517411753986e+02 
       5.343616817551e-01       1.493450474430e+02 
       5.379324843988e-01       1.470058161231e+02 
       5.415032872083e-01       1.447270913694e+02 
       5.450740901802e-01       1.425100677438e+02 
       5.486448933114e-01       1.403525993780e+02 
       5.522156965987e-01       1.382507088590e+02 
       5.557865000392e-01       1.361998469092e+02 
       5.593573036298e-01       1.341961758378e+02 
       5.629281073678e-01       1.322371618722e+02 
       5.664989112502e-01       1.303205767679e+02 
       5.700697152745e-01       1.284443771262e+02 
       5.736405194380e-01       1.266053102846e+02 
       5.772113237379e-01       1.247998567343e+02 
       5.807821281720e-01       1.230244288311e+02 
       5.843529327376e-01       1.212767745939e+02 
       6.098397426237e-01       1.096552890696e+02 
       6.378903231634e-01       9.860882997095e+01 
       6.692038497302e-01       8.804577869201e+01 
       7.048163488117e-01       7.779139803285e+01 
       7.463437217773e-01       6.782094681984e+01 
       7.964709666330e-01       5.796151784043e+01 
       8.600179829467e-01       4.808110141217e+01 
       9.464302519305e-01       3.800764678880e+01 
       1.075486079358e+00       2.769116281393e+01 
       1.284175573607e+00       1.775549561673e+01 
       1.600519965090e+00       1.014204844190e+01 
       2.014142923753e+00       5.605042690827e+00 
       2.535647467398e+00       3.070387383985e+00 
       3.192191017031e+00       1.670081022692e+00 
       4.018730390638e+00       9.025728774979e-01 
       5.059281811924e+00       4.848656590660e-01 
