# Matter power spectrum P(k) at redshift z=0
# for k=1.0756e-05 to 5.05928 h/Mpc,
# number of wavenumbers equal to 541
#    1:k (h/Mpc)              2:P (Mpc/h)^3        
       1.075595641369e-05       1.640305915777e+05 
       2.506818228124e-05       1.450513710742e+04 
       3.943970173348e-05       4.602043137431e+03 
       5.391826921033e-05       2.385335593548e+03 
       6.855258181608e-05       1.600785098832e+03 
       8.339281490234e-05       1.253087258679e+03 
       9.849117808251e-05       1.083016386025e+03 
       1.139025006603e-04       9.970205773868e+02 
       1.296848555047e-04       9.549532312578e+02 
       1.459002304222e-04       9.413196945188e+02 
       1.626152559764e-04       9.461531807339e+02 
       1.799019983399e-04       9.641988376993e+02 
       1.978388249638e-04       9.923835180334e+02 
       2.165113493332e-04       1.028647789874e+03 
       2.360134585056e-04       1.071924142602e+03 
       2.564484230016e-04       1.121537352714e+03 
       2.779300823240e-04       1.177229607864e+03 
       3.005840901019e-04       1.238684412073e+03 
       3.245491896530e-04       1.306129941161e+03 
       3.499784725329e-04       1.379750782504e+03 
       3.770405483374e-04       1.459713544262e+03 
       4.059205228533e-04       1.546485204702e+03 
       4.368206435621e-04       1.640483467267e+03 
       4.699604279261e-04       1.742246659548e+03 
       5.055760447502e-04       1.852416086002e+03 
       5.439186799037e-04       1.971586644485e+03 
       5.852515973056e-04       2.100453159102e+03 
       6.298456220034e-04       2.239731702067e+03 
       6.779728455585e-04       2.390000153348e+03 
       7.298985045244e-04       2.551603342821e+03 
       7.858712198764e-04       2.726013119411e+03 
       8.461120957031e-04       2.912612927997e+03 
       9.108035130982e-04       3.111908332294e+03 
       9.800787393052e-04       3.324064432966e+03 
       1.054013603291e-03       3.548786292657e+03 
       1.132621383586e-03       3.785671561790e+03 
       1.215851687364e-03       4.034066151268e+03 
       1.303593532156e-03       4.293213174434e+03 
       1.395682210468e-03       4.562328078436e+03 
       1.491908987772e-03       4.837877622316e+03 
       1.592032383337e-03       5.122995983315e+03 
       1.695789755582e-03       5.414022868374e+03 
       1.802908116008e-03       5.710001275526e+03 
       1.913113431076e-03       6.009749809904e+03 
       2.026138033821e-03       6.311943124708e+03 
       2.141726077537e-03       6.615357624883e+03 
       2.259637183339e-03       6.919305064848e+03 
       2.379648557374e-03       7.223123991671e+03 
       2.501555898998e-03       7.525813587963e+03 
       2.625173412846e-03       7.826151576787e+03 
       2.750333199085e-03       8.125663222466e+03 
       2.876884245027e-03       8.422125425113e+03 
       3.004691189378e-03       8.715690269765e+03 
       3.133632984034e-03       9.005701557886e+03 
       3.263601540084e-03       9.291859333040e+03 
       3.394500414922e-03       9.574017749851e+03 
       3.526243575185e-03       9.851890778796e+03 
       3.658754254424e-03       1.012537878810e+04 
       3.791963913477e-03       1.039434225513e+04 
       3.925811304325e-03       1.065854572966e+04 
       4.060241633705e-03       1.091820191806e+04 
       4.195205820085e-03       1.117302347336e+04 
       4.330659836327e-03       1.142332422779e+04 
       4.466564129808e-03       1.166831024528e+04 
       4.602883111892e-03       1.190908515876e+04 
       4.739584708979e-03       1.214445030981e+04 
       4.876639967945e-03       1.237496772428e+04 
       5.014022709428e-03       1.260124426672e+04 
       5.151709223079e-03       1.282255333073e+04 
       5.289677999554e-03       1.303815141352e+04 
       5.427909494636e-03       1.324881812865e+04 
       5.566385921414e-03       1.345545339053e+04 
       5.705091067007e-03       1.365725434709e+04 
       5.844010130698e-03       1.385433582703e+04 
       5.983129580812e-03       1.404597421448e+04 
       6.122437027980e-03       1.423501685382e+04 
       6.261921112749e-03       1.441812062740e+04 
       6.401571405767e-03       1.459721072563e+04 
       6.541378319008e-03       1.477284313088e+04 
       6.681333026685e-03       1.494330435715e+04 
       6.821427394692e-03       1.510887715647e+04 
       6.961653917561e-03       1.527086431072e+04 
       7.102005662048e-03       1.543056863225e+04 
       7.242476216559e-03       1.558390690010e+04 
       7.383059645777e-03       1.573416359470e+04 
       7.523750449857e-03       1.588008466504e+04 
       7.664543527705e-03       1.602218930443e+04 
       7.805434143869e-03       1.616076140010e+04 
       7.946417898653e-03       1.629503860229e+04 
       8.087490701098e-03       1.642596222482e+04 
       8.228648744524e-03       1.655296948129e+04 
       8.369888484364e-03       1.667669715900e+04 
       8.511206618042e-03       1.679480186334e+04 
       8.652600066693e-03       1.691118826875e+04 
       8.794065958527e-03       1.702423468632e+04 
       8.935601613676e-03       1.713398724192e+04 
       9.077204530377e-03       1.724041385886e+04 
       9.218872372354e-03       1.734351346066e+04 
       9.360602957284e-03       1.744349975761e+04 
       9.502394246250e-03       1.754022493148e+04 
       9.644244334069e-03       1.763412168905e+04 
       9.786151440436e-03       1.772473857084e+04 
       9.928113901788e-03       1.781233702313e+04 
       1.007013016383e-02       1.789706503666e+04 
       1.021219877468e-02       1.797877424944e+04 
       1.035431837852e-02       1.805769084855e+04 
       1.049648770980e-02       1.813451180512e+04 
       1.063870558785e-02       1.820816735032e+04 
       1.078097091196e-02       1.827823550766e+04 
       1.092328265676e-02       1.834671402055e+04 
       1.106563986805e-02       1.841196203308e+04 
       1.120804165886e-02       1.847507530676e+04 
       1.135048720587e-02       1.853547562966e+04 
       1.149297574603e-02       1.859335477780e+04 
       1.163550657351e-02       1.864883421502e+04 
       1.177807903680e-02       1.870201924199e+04 
       1.192069253608e-02       1.875276022727e+04 
       1.206334652074e-02       1.880124359750e+04 
       1.220604048710e-02       1.884747639427e+04 
       1.234877397630e-02       1.889134598728e+04 
       1.249154657232e-02       1.893293109331e+04 
       1.263435790018e-02       1.897245998228e+04 
       1.277720762420e-02       1.901006074759e+04 
       1.292009544651e-02       1.904549007108e+04 
       1.306302110549e-02       1.907854289220e+04 
       1.320598437450e-02       1.910980315721e+04 
       1.334898506058e-02       1.913915958976e+04 
       1.349202300332e-02       1.916643334418e+04 
       1.363509807373e-02       1.919216365911e+04 
       1.377821017332e-02       1.921507664240e+04 
       1.392135923308e-02       1.923686998083e+04 
       1.406454521272e-02       1.925646973648e+04 
       1.420776809979e-02       1.927410179924e+04 
       1.435102790903e-02       1.929074427291e+04 
       1.449432468166e-02       1.930505466481e+04 
       1.463765848477e-02       1.931752760282e+04 
       1.478102941074e-02       1.932858680989e+04 
       1.492443757675e-02       1.933770770723e+04 
       1.506788312428e-02       1.934561087349e+04 
       1.521136621873e-02       1.935159907619e+04 
       1.535488704894e-02       1.935593443796e+04 
       1.549844582695e-02       1.935887903002e+04 
       1.564204278759e-02       1.936012196276e+04 
       1.578567818826e-02       1.936013263788e+04 
       1.592935230867e-02       1.935850993540e+04 
       1.607306545061e-02       1.935546015704e+04 
       1.621681793777e-02       1.935094799873e+04 
       1.636061011562e-02       1.934509723013e+04 
       1.650444235122e-02       1.933806025331e+04 
       1.664831503316e-02       1.932894518192e+04 
       1.679222857148e-02       1.931933794734e+04 
       1.693618339762e-02       1.930817132195e+04 
       1.708017996436e-02       1.929574016224e+04 
       1.722421874586e-02       1.928183971245e+04 
       1.736830023764e-02       1.926683785086e+04 
       1.751242495665e-02       1.925066164129e+04 
       1.765659344131e-02       1.923330621270e+04 
       1.780080625159e-02       1.921482291220e+04 
       1.794506396910e-02       1.919502251882e+04 
       1.808936719726e-02       1.917421011866e+04 
       1.823371656135e-02       1.915235601636e+04 
       1.837811270876e-02       1.912942274201e+04 
       1.852255630910e-02       1.910550073208e+04 
       1.866704805443e-02       1.908005471838e+04 
       1.881158865943e-02       1.905397267186e+04 
       1.895617886170e-02       1.902674304094e+04 
       1.910081942191e-02       1.899845463329e+04 
       1.924551112415e-02       1.896960426899e+04 
       1.939025477619e-02       1.893937594794e+04 
       1.953505120972e-02       1.890904881021e+04 
       1.967990128074e-02       1.887678914820e+04 
       1.982480586987e-02       1.884408272402e+04 
       1.996976588269e-02       1.880997308804e+04 
       2.011478225010e-02       1.877585074141e+04 
       2.025985592872e-02       1.874045325972e+04 
       2.040498790130e-02       1.870427886637e+04 
       2.055017917713e-02       1.866751866339e+04 
       2.069543079245e-02       1.862955465022e+04 
       2.084074381096e-02       1.859107486753e+04 
       2.098611932426e-02       1.855171465149e+04 
       2.113155845234e-02       1.851158990433e+04 
       2.127706234411e-02       1.847087450211e+04 
       2.142263217790e-02       1.842927182322e+04 
       2.156826916204e-02       1.838739692580e+04 
       2.171397453542e-02       1.834417619623e+04 
       2.185974956806e-02       1.830065606287e+04 
       2.200559556174e-02       1.825636417631e+04 
       2.215151385061e-02       1.821155945952e+04 
       2.229750580186e-02       1.816642030552e+04 
       2.244357281639e-02       1.812010730905e+04 
       2.258971632947e-02       1.807325277358e+04 
       2.273593781151e-02       1.802652201292e+04 
       2.288223876875e-02       1.797870487696e+04 
       2.302862074405e-02       1.793025414516e+04 
       2.317508531768e-02       1.788095194258e+04 
       2.332163410811e-02       1.783205381501e+04 
       2.346826877287e-02       1.778223991854e+04 
       2.361499100937e-02       1.773126403692e+04 
       2.376180255587e-02       1.768069617359e+04 
       2.390870519233e-02       1.762909574457e+04 
       2.405570074136e-02       1.757713996659e+04 
       2.420279106923e-02       1.752494371275e+04 
       2.434997808685e-02       1.747212531545e+04 
       2.449726375083e-02       1.741898249187e+04 
       2.464465006450e-02       1.736538368487e+04 
       2.479213907907e-02       1.731141365276e+04 
       2.493973289473e-02       1.725713443580e+04 
       2.508743366182e-02       1.720227104874e+04 
       2.523524358206e-02       1.714721324727e+04 
       2.538316490977e-02       1.709182434362e+04 
       2.553119995315e-02       1.703591610989e+04 
       2.567935107562e-02       1.697966419882e+04 
       2.582762069719e-02       1.692313671618e+04 
       2.597601129582e-02       1.686642351468e+04 
       2.612452540893e-02       1.680931926904e+04 
       2.627316563482e-02       1.675180419320e+04 
       2.642193463431e-02       1.669384026571e+04 
       2.657083513223e-02       1.663622851655e+04 
       2.671986991914e-02       1.657850129179e+04 
       2.686904185296e-02       1.651958608371e+04 
       2.701835386077e-02       1.646106047172e+04 
       2.716780894059e-02       1.640206714486e+04 
       2.731741016321e-02       1.634289578150e+04 
       2.746716067419e-02       1.628340848350e+04 
       2.761706369577e-02       1.622381735469e+04 
       2.776712252894e-02       1.616430151495e+04 
       2.791734055559e-02       1.610407791818e+04 
       2.806772124064e-02       1.604401597285e+04 
       2.821826813436e-02       1.598422202110e+04 
       2.836898487464e-02       1.592354875645e+04 
       2.851987518946e-02       1.586291735819e+04 
       2.867094289936e-02       1.580153030091e+04 
       2.882219192001e-02       1.574142082146e+04 
       2.897362626489e-02       1.567976044474e+04 
       2.912525004808e-02       1.561860621181e+04 
       2.927706748703e-02       1.555733768505e+04 
       2.942908290560e-02       1.549592474613e+04 
       2.958130073709e-02       1.543451469220e+04 
       2.973372552740e-02       1.537312902674e+04 
       2.988636193829e-02       1.531137181838e+04 
       3.003921475082e-02       1.524941772154e+04 
       3.019228886884e-02       1.518798599507e+04 
       3.034558932265e-02       1.512594489219e+04 
       3.049912127274e-02       1.506383258007e+04 
       3.065289001378e-02       1.500185944242e+04 
       3.080690097861e-02       1.493980463008e+04 
       3.096115974251e-02       1.487771584891e+04 
       3.111567202753e-02       1.481548599128e+04 
       3.127044370705e-02       1.475352609149e+04 
       3.142548081051e-02       1.469121399438e+04 
       3.158078952826e-02       1.462924226950e+04 
       3.173637621667e-02       1.456674974391e+04 
       3.189224740342e-02       1.450453185646e+04 
       3.204840979296e-02       1.444243976090e+04 
       3.220487027223e-02       1.438030339379e+04 
       3.236163591659e-02       1.431799020215e+04 
       3.251871399601e-02       1.425571341305e+04 
       3.267611198145e-02       1.419360996866e+04 
       3.283383755162e-02       1.413123403934e+04 
       3.299189859984e-02       1.406891570721e+04 
       3.315030324139e-02       1.400680880223e+04 
       3.330905982100e-02       1.394535598251e+04 
       3.346817692075e-02       1.388312493790e+04 
       3.362766336830e-02       1.382128639248e+04 
       3.378752824539e-02       1.375950286322e+04 
       3.394778089687e-02       1.369704957224e+04 
       3.410843093993e-02       1.363578020747e+04 
       3.426948827390e-02       1.357371988593e+04 
       3.443096309044e-02       1.351234032393e+04 
       3.459286588410e-02       1.345064475057e+04 
       3.475520746348e-02       1.338912991024e+04 
       3.491799896287e-02       1.332728515516e+04 
       3.508125185437e-02       1.326652808923e+04 
       3.524497796062e-02       1.320486376175e+04 
       3.540918946815e-02       1.314378817350e+04 
       3.557389894133e-02       1.308245782921e+04 
       3.573911933700e-02       1.302165410287e+04 
       3.590486401979e-02       1.296055491898e+04 
       3.607114677823e-02       1.289971485872e+04 
       3.623798184162e-02       1.283896596820e+04 
       3.640538389777e-02       1.277834577113e+04 
       3.657336811161e-02       1.271772728448e+04 
       3.674195014474e-02       1.265725045510e+04 
       3.691114617603e-02       1.259699199127e+04 
       3.708097292326e-02       1.253675029301e+04 
       3.725144766586e-02       1.247656331056e+04 
       3.742258826894e-02       1.241666731528e+04 
       3.759441320854e-02       1.235663689205e+04 
       3.776694159828e-02       1.229706328754e+04 
       3.794019321743e-02       1.223730767622e+04 
       3.811418854060e-02       1.217804113385e+04 
       3.828894876904e-02       1.211850727015e+04 
       3.846449586371e-02       1.205902042143e+04 
       3.864085258029e-02       1.199988797825e+04 
       3.881804250616e-02       1.194078044670e+04 
       3.899609009957e-02       1.188153023069e+04 
       3.917502073115e-02       1.182276288607e+04 
       3.935486072784e-02       1.176435799207e+04 
       3.953563741959e-02       1.170521580425e+04 
       3.971737918880e-02       1.164712632656e+04 
       3.990011552294e-02       1.158852864610e+04 
       4.008387707040e-02       1.153017326712e+04 
       4.026869569995e-02       1.147227655740e+04 
       4.045460456395e-02       1.141429543618e+04 
       4.064163816580e-02       1.135641037929e+04 
       4.082983243174e-02       1.129856270350e+04 
       4.101922478748e-02       1.124089612838e+04 
       4.120985424011e-02       1.118324280732e+04 
       4.140176146550e-02       1.112623205829e+04 
       4.159498890188e-02       1.106852595571e+04 
       4.178958084998e-02       1.101148770211e+04 
       4.198558358037e-02       1.095442681679e+04 
       4.218304544858e-02       1.089718118184e+04 
       4.238201701860e-02       1.084052121662e+04 
       4.258255119575e-02       1.078364908426e+04 
       4.278470336946e-02       1.072692104161e+04 
       4.298853156711e-02       1.067029924013e+04 
       4.319409661983e-02       1.061409559429e+04 
       4.340146234137e-02       1.055729563993e+04 
       4.361069572145e-02       1.050106078998e+04 
       4.382186713473e-02       1.044511139504e+04 
       4.403505056727e-02       1.038863599394e+04 
       4.425032386187e-02       1.033270715481e+04 
       4.446776898455e-02       1.027678417040e+04 
       4.468747231409e-02       1.022075642832e+04 
       4.490952495725e-02       1.016490430495e+04 
       4.513402309222e-02       1.010912357682e+04 
       4.536106834360e-02       1.005336956157e+04 
       4.559076819215e-02       9.997608704492e+03 
       4.582323642342e-02       9.941838142622e+03 
       4.605859361957e-02       9.886240925368e+03 
       4.629696769950e-02       9.830351979604e+03 
       4.653849451296e-02       9.774852915822e+03 
       4.678331849519e-02       9.719401197291e+03 
       4.703159338957e-02       9.664058880274e+03 
       4.728348304672e-02       9.608067901019e+03 
       4.753916230998e-02       9.552521338955e+03 
       4.779881799830e-02       9.497073593996e+03 
       4.806264999983e-02       9.441167279818e+03 
       4.833087249093e-02       9.385982558042e+03 
       4.860371529818e-02       9.329787542434e+03 
       4.888142542358e-02       9.274245621759e+03 
       4.916426875652e-02       9.217839045118e+03 
       4.945253200020e-02       9.162226206915e+03 
       4.974652484485e-02       9.106180765982e+03 
       5.004658242589e-02       9.049649986676e+03 
       5.035306811216e-02       8.993164887068e+03 
       5.066637667757e-02       8.936593978655e+03 
       5.098693791975e-02       8.880044411865e+03 
       5.131522080155e-02       8.822845934652e+03 
       5.165173820637e-02       8.765604553432e+03 
       5.199705241662e-02       8.707957506881e+03 
       5.235178144766e-02       8.650424124802e+03 
       5.271660639744e-02       8.592110775828e+03 
       5.309228000718e-02       8.533451196827e+03 
       5.347963667216e-02       8.474504059646e+03 
       5.387960419616e-02       8.415199374565e+03 
       5.429321765192e-02       8.355221875534e+03 
       5.472163579689e-02       8.294779772837e+03 
       5.516616060323e-02       8.233688684763e+03 
       5.562826060073e-02       8.171699629110e+03 
       5.610959890933e-02       8.109290067280e+03 
       5.661206706435e-02       8.045818750797e+03 
       5.713782602636e-02       7.981490527752e+03 
       5.768935613500e-02       7.915908499596e+03 
       5.826951822891e-02       7.849096203809e+03 
       5.888162873208e-02       7.780860757687e+03 
       5.952955221196e-02       7.710985549318e+03 
       6.021781574179e-02       7.639181455528e+03 
       6.095175030046e-02       7.565135900946e+03 
       6.173766527099e-02       7.488699407703e+03 
       6.258306250674e-02       7.409204923767e+03 
       6.349689567201e-02       7.325687473146e+03 
       6.448987711319e-02       7.237973995991e+03 
       6.557482545346e-02       7.144833526391e+03 
       6.676702713475e-02       7.044982255795e+03 
       6.808454548034e-02       6.936662972602e+03 
       6.954833925354e-02       6.817787778668e+03 
       7.118193851756e-02       6.685275174256e+03 
       7.301027981614e-02       6.535772032520e+03 
       7.505720623479e-02       6.365017819331e+03 
       7.734130904393e-02       6.168516676875e+03 
       7.987055222718e-02       5.942603399966e+03 
       8.263751691384e-02       5.685411251940e+03 
       8.561814583746e-02       5.399217737826e+03 
       8.877578305029e-02       5.090190559114e+03 
       9.206899960103e-02       4.768769439676e+03 
       9.545925076047e-02       4.446986770162e+03 
       9.891534215610e-02       4.137056791099e+03 
       1.024144094157e-01       3.849289289523e+03 
       1.059407949253e-01       3.590831966846e+03 
       1.094842477274e-01       3.365753952949e+03 
       1.130382476884e-01       3.174822353126e+03 
       1.165987223395e-01       3.016460120157e+03 
       1.201631564722e-01       2.886736963015e+03 
       1.237300072963e-01       2.780514285302e+03 
       1.272983323827e-01       2.691886010776e+03 
       1.308675574155e-01       2.614712866044e+03 
       1.344373328525e-01       2.543020047844e+03 
       1.380074460615e-01       2.471830868049e+03 
       1.415777676814e-01       2.397201702736e+03 
       1.451482189587e-01       2.316654741515e+03 
       1.487187518860e-01       2.229249662908e+03 
       1.522893371352e-01       2.135473040438e+03 
       1.558599567295e-01       2.036987212953e+03 
       1.594305995949e-01       1.936261305660e+03 
       1.630012588590e-01       1.836125854504e+03 
       1.665719302110e-01       1.739401197625e+03 
       1.701426109054e-01       1.648556547326e+03 
       1.737132991565e-01       1.565486792782e+03 
       1.772839937702e-01       1.491386077842e+03 
       1.808546939198e-01       1.426722646456e+03 
       1.844253990093e-01       1.371281087411e+03 
       1.879961085891e-01       1.324265706701e+03 
       1.915668223052e-01       1.284434523676e+03 
       1.951375398675e-01       1.250253349324e+03 
       1.987082610294e-01       1.220043941142e+03 
       2.022789855761e-01       1.192261154255e+03 
       2.058497133161e-01       1.165456845463e+03 
       2.094204440764e-01       1.138154172218e+03 
       2.129911776985e-01       1.109398845269e+03 
       2.165619140369e-01       1.078656361306e+03 
       2.201326529563e-01       1.045831337883e+03 
       2.237033943309e-01       1.011230481202e+03 
       2.272741380436e-01       9.754548884687e+02 
       2.308448839845e-01       9.392830840106e+02 
       2.344156320508e-01       9.035291047961e+02 
       2.379863821460e-01       8.689409861720e+02 
       2.415571341792e-01       8.361436657187e+02 
       2.451278880653e-01       8.056048747416e+02 
       2.486986437237e-01       7.776354205815e+02 
       2.522694010786e-01       7.523832431369e+02 
       2.558401600585e-01       7.298368175780e+02 
       2.594109205959e-01       7.098251515090e+02 
       2.629816826268e-01       6.920361783277e+02 
       2.665524460909e-01       6.760442557478e+02 
       2.701232109308e-01       6.613631452213e+02 
       2.736939770925e-01       6.475009969724e+02 
       2.772647445246e-01       6.340140974243e+02 
       2.808355131781e-01       6.205405274361e+02 
       2.844062830070e-01       6.068266220284e+02 
       2.879770539671e-01       5.927274548543e+02 
       2.915478260167e-01       5.781930479426e+02 
       2.951185991160e-01       5.632585422605e+02 
       2.986893732271e-01       5.480382859711e+02 
       3.022601483139e-01       5.327087289674e+02 
       3.058309243421e-01       5.174916304167e+02 
       3.094017012788e-01       5.026125287067e+02 
       3.129724790929e-01       4.882678739209e+02 
       3.165432577544e-01       4.746303035948e+02 
       3.201140372349e-01       4.618487596567e+02 
       3.236848175071e-01       4.499704644595e+02 
       3.272555985448e-01       4.389790122894e+02 
       3.308263803233e-01       4.288125662442e+02 
       3.343971628186e-01       4.193787649407e+02 
       3.379679460080e-01       4.105665252464e+02 
       3.415387298694e-01       4.022553974251e+02 
       3.451095143821e-01       3.943176381649e+02 
       3.486802995257e-01       3.866284907458e+02 
       3.522510852812e-01       3.790723738519e+02 
       3.558218716299e-01       3.715550510402e+02 
       3.593926585541e-01       3.640127694224e+02 
       3.629634460366e-01       3.564189173786e+02 
       3.665342340613e-01       3.487814805417e+02 
       3.701050226121e-01       3.411358865718e+02 
       3.736758116741e-01       3.335311494566e+02 
       3.772466012325e-01       3.260231900021e+02 
       3.808173912735e-01       3.186659228526e+02 
       3.843881817834e-01       3.115089174869e+02 
       3.879589727493e-01       3.045940659608e+02 
       3.915297641586e-01       2.979574403779e+02 
       3.951005559993e-01       2.916264348728e+02 
       3.986713482597e-01       2.856115116223e+02 
       4.022421409286e-01       2.799077232224e+02 
       4.058129339951e-01       2.744916181287e+02 
       4.093837274488e-01       2.693260009558e+02 
       4.129545212797e-01       2.643689910591e+02 
       4.165253154779e-01       2.595769212200e+02 
       4.200961100341e-01       2.549144325259e+02 
       4.236669049392e-01       2.503520910371e+02 
       4.272377001844e-01       2.458691265256e+02 
       4.308084957611e-01       2.414504533422e+02 
       4.343792916613e-01       2.370837859700e+02 
       4.379500878769e-01       2.327618466975e+02 
       4.415208844003e-01       2.284828936427e+02 
       4.450916812241e-01       2.242519766543e+02 
       4.486624783409e-01       2.200805871990e+02 
       4.522332757439e-01       2.159847411679e+02 
       4.558040734263e-01       2.119804117150e+02 
       4.593748713816e-01       2.080804688314e+02 
       4.629456696034e-01       2.042928768831e+02 
       4.665164680857e-01       2.006205698179e+02 
       4.700872668223e-01       1.970629828769e+02 
       4.736580658076e-01       1.936191909334e+02 
       4.772288650359e-01       1.902875168705e+02 
       4.807996645019e-01       1.870658443974e+02 
       4.843704642001e-01       1.839493134540e+02 
       4.879412641257e-01       1.809299743442e+02 
       4.915120642734e-01       1.779963961388e+02 
       4.950828646386e-01       1.751352987886e+02 
       4.986536652166e-01       1.723341001936e+02 
       5.022244660027e-01       1.695832293931e+02 
       5.057952669925e-01       1.668768163524e+02 
       5.093660681819e-01       1.642126427145e+02 
       5.129368695665e-01       1.615900365610e+02 
       5.165076711423e-01       1.590090077327e+02 
       5.200784729054e-01       1.564693289891e+02 
       5.236492748519e-01       1.539709895999e+02 
       5.272200769781e-01       1.515155105517e+02 
       5.307908792803e-01       1.491059646273e+02 
       5.343616817551e-01       1.467473089461e+02 
       5.379324843988e-01       1.444446785169e+02 
       5.415032872083e-01       1.422016167930e+02 
       5.450740901802e-01       1.400192932610e+02 
       5.486448933114e-01       1.378955947712e+02 
       5.522156965987e-01       1.358266087280e+02 
       5.557865000392e-01       1.338078612325e+02 
       5.593573036298e-01       1.318355783087e+02 
       5.629281073678e-01       1.299072677805e+02 
       5.664989112502e-01       1.280207380004e+02 
       5.700697152745e-01       1.261739789979e+02 
       5.736405194380e-01       1.243637927652e+02 
       5.772113237379e-01       1.225867191840e+02 
       5.807821281720e-01       1.208392314100e+02 
       5.843529327376e-01       1.191191150339e+02 
       6.098397426237e-01       1.076815141208e+02 
       6.378903231634e-01       9.681078215905e+01 
       6.692038497302e-01       8.641683711436e+01 
       7.048163488117e-01       7.632809208345e+01 
       7.463437217773e-01       6.652027053378e+01 
       7.964709666330e-01       5.682381848661e+01 
       8.600179829467e-01       4.710950602345e+01 
       9.464302519305e-01       3.720916972383e+01 
       1.075486079358e+00       2.707523961444e+01 
       1.284175573607e+00       1.732392011560e+01 
       1.600519965090e+00       9.862992451924e+00 
       2.014142923753e+00       5.427075444328e+00 
       2.535647467398e+00       2.956714792333e+00 
       3.192191017031e+00       1.597619284614e+00 
       4.018730390638e+00       8.566833488905e-01 
       5.059281811924e+00       4.561239206307e-01 
