# Matter power spectrum P(k) at redshift z=0
# for k=1.076e-05 to 5.05946 h/Mpc,
# number of wavenumbers equal to 541
#    1:k (h/Mpc)              2:P (Mpc/h)^3        
       1.076000899644e-05       1.634961356239e+05 
       2.507242322044e-05       1.446840635564e+04 
       3.944414625170e-05       4.591831652084e+03 
       5.392293451217e-05       2.380566366384e+03 
       6.855748729178e-05       1.597679403444e+03 
       8.339798236937e-05       1.250692508116e+03 
       9.849663206949e-05       1.081208078160e+03 
       1.139082687383e-04       9.957213660403e+02 
       1.296909686713e-04       9.534954928485e+02 
       1.459067235460e-04       9.399851880993e+02 
       1.626221683074e-04       9.447502641922e+02 
       1.799093740956e-04       9.628597413021e+02 
       1.978467139972e-04       9.909184375332e+02 
       2.165198078916e-04       1.027229763210e+03 
       2.360225500865e-04       1.070406607820e+03 
       2.564582193102e-04       1.120024371215e+03 
       2.779406643329e-04       1.175662942405e+03 
       3.005955492070e-04       1.237068774477e+03 
       3.245616289114e-04       1.304531174822e+03 
       3.499920079524e-04       1.378016772885e+03 
       3.770553101694e-04       1.457891598440e+03 
       4.059366568153e-04       1.544599005893e+03 
       4.368383118825e-04       1.638528147075e+03 
       4.699798100654e-04       1.740223144640e+03 
       5.055973376108e-04       1.850299072751e+03 
       5.439420973002e-04       1.969406457893e+03 
       5.852773684408e-04       2.098213038676e+03 
       6.298739886962e-04       2.237410507532e+03 
       6.780040580149e-04       2.387652946734e+03 
       7.299328155547e-04       2.549217449099e+03 
       7.859088776440e-04       2.723635974183e+03 
       8.461533353354e-04       2.910262426269e+03 
       9.108485477656e-04       3.109630282369e+03 
       9.801277516073e-04       3.321875573028e+03 
       1.054066737909e-03       3.546786412538e+03 
       1.132678742097e-03       3.783894414988e+03 
       1.215913325854e-03       4.032599804720e+03 
       1.303659461862e-03       4.292140231868e+03 
       1.395752401213e-03       4.561719102751e+03 
       1.491983373584e-03       4.837832830407e+03 
       1.592110869433e-03       5.123598095635e+03 
       1.695872225828e-03       5.415385837298e+03 
       1.802994440134e-03       5.712197127728e+03 
       1.913203471101e-03       6.012831009996e+03 
       2.026231649399e-03       6.316002980667e+03 
       2.141823130128e-03       6.620399433148e+03 
       2.259737539242e-03       6.925507247327e+03 
       2.379752089790e-03       7.230413420548e+03 
       2.501662489266e-03       7.534279933997e+03 
       2.625282951063e-03       7.835965714106e+03 
       2.750445584256e-03       8.136562991202e+03 
       2.876999384892e-03       8.434373374916e+03 
       3.004809000027e-03       8.729196681755e+03 
       3.133753389392e-03       9.020520706956e+03 
       3.263724471331e-03       9.307985252947e+03 
       3.394625809885e-03       9.591488792510e+03 
       3.526371377740e-03       9.870712111523e+03 
       3.658884413917e-03       1.014555246173e+04 
       3.792096384184e-03       1.041583686151e+04 
       3.925946044955e-03       1.068143886293e+04 
       4.060378606936e-03       1.094237720982e+04 
       4.195344992158e-03       1.119854639937e+04 
       4.330801176666e-03       1.145017914745e+04 
       4.466707610692e-03       1.169658610167e+04 
       4.603028708152e-03       1.193859924929e+04 
       4.739732397735e-03       1.217519008390e+04 
       4.876789728367e-03       1.240730202583e+04 
       5.014174522526e-03       1.263476705152e+04 
       5.151863071516e-03       1.285720814182e+04 
       5.289833867483e-03       1.307412067414e+04 
       5.428067367543e-03       1.328620316739e+04 
       5.566545785998e-03       1.349424683281e+04 
       5.705252911054e-03       1.369719550336e+04 
       5.844173942980e-03       1.389560885975e+04 
       5.983295350996e-03       1.408936707001e+04 
       6.122604746540e-03       1.427878788760e+04 
       6.262090770896e-03       1.446373951934e+04 
       6.401742995381e-03       1.464375435019e+04 
       6.541551832579e-03       1.481952700078e+04 
       6.681508457258e-03       1.499211920093e+04 
       6.821604735822e-03       1.515904592903e+04 
       6.961833163268e-03       1.532245352284e+04 
       7.102186806776e-03       1.548336333348e+04 
       7.242659255145e-03       1.563791823573e+04 
       7.383244573417e-03       1.578957814498e+04 
       7.523937262078e-03       1.593672139346e+04 
       7.664732220338e-03       1.608019060332e+04 
       7.805624713027e-03       1.622006928042e+04 
       7.946610340710e-03       1.635563373170e+04 
       8.087685012667e-03       1.648779172063e+04 
       8.228844922442e-03       1.661616846456e+04 
       8.370086525674e-03       1.674112698705e+04 
       8.511406519980e-03       1.686063039656e+04 
       8.652801826674e-03       1.697836203171e+04 
       8.794269574132e-03       1.709256355097e+04 
       8.935807082641e-03       1.720350564087e+04 
       9.077411850583e-03       1.731111780487e+04 
       9.219081541818e-03       1.741545694286e+04 
       9.360813974151e-03       1.751676643981e+04 
       9.502607108783e-03       1.761470344293e+04 
       9.644459040642e-03       1.770958651663e+04 
       9.786367989530e-03       1.780138634418e+04 
       9.928332291981e-03       1.789021833832e+04 
       1.007035039380e-02       1.797613959291e+04 
       1.021242084317e-02       1.805887712170e+04 
       1.035454228438e-02       1.813940978106e+04 
       1.049671345196e-02       1.821669886501e+04 
       1.063893316530e-02       1.829127359405e+04 
       1.078120032376e-02       1.836291220201e+04 
       1.092351390205e-02       1.843164120741e+04 
       1.106587294602e-02       1.849852375552e+04 
       1.120827656877e-02       1.856214539349e+04 
       1.135072394703e-02       1.862337418206e+04 
       1.149321431781e-02       1.868218253886e+04 
       1.163574697533e-02       1.873850590677e+04 
       1.177832126813e-02       1.879247102105e+04 
       1.192093659645e-02       1.884393434967e+04 
       1.206359240970e-02       1.889329435863e+04 
       1.220628820427e-02       1.894018035417e+04 
       1.234902352134e-02       1.898479270083e+04 
       1.249179794492e-02       1.902719195785e+04 
       1.263461110007e-02       1.906746240516e+04 
       1.277746265116e-02       1.910562612073e+04 
       1.292035230034e-02       1.914150510470e+04 
       1.306327978604e-02       1.917562264961e+04 
       1.320624488165e-02       1.920753755154e+04 
       1.334924739425e-02       1.923763029443e+04 
       1.349228716345e-02       1.926534192343e+04 
       1.363536406031e-02       1.929103093231e+04 
       1.377847798635e-02       1.931518787659e+04 
       1.392162887261e-02       1.933766562851e+04 
       1.406481667881e-02       1.935782532423e+04 
       1.420804139255e-02       1.937620910496e+04 
       1.435130302859e-02       1.939351696112e+04 
       1.449460162818e-02       1.940857499174e+04 
       1.463793725843e-02       1.942187742273e+04 
       1.478131001176e-02       1.943347532383e+04 
       1.492472000536e-02       1.944337834073e+04 
       1.506816738077e-02       1.945153050803e+04 
       1.521165230337e-02       1.945839875755e+04 
       1.535517496207e-02       1.946334820936e+04 
       1.549873556890e-02       1.946680282761e+04 
       1.564233435874e-02       1.946838134725e+04 
       1.578597158901e-02       1.946932750656e+04 
       1.592964753944e-02       1.946827228534e+04 
       1.607336251184e-02       1.946582364983e+04 
       1.621711682995e-02       1.946161942196e+04 
       1.636091083924e-02       1.945681037529e+04 
       1.650474490680e-02       1.944992828131e+04 
       1.664861942126e-02       1.944146324206e+04 
       1.679253479268e-02       1.943209346882e+04 
       1.693649145250e-02       1.942180493072e+04 
       1.708048985356e-02       1.940956603250e+04 
       1.722453047003e-02       1.939635582955e+04 
       1.736861379746e-02       1.938168495761e+04 
       1.751274035282e-02       1.936583206633e+04 
       1.765691067456e-02       1.934879869476e+04 
       1.780112532267e-02       1.933049347894e+04 
       1.794538487881e-02       1.931126874284e+04 
       1.808968994638e-02       1.929070065170e+04 
       1.823404115074e-02       1.926938972472e+04 
       1.837843913927e-02       1.924656848035e+04 
       1.852288458162e-02       1.922275938666e+04 
       1.866737816987e-02       1.919761104541e+04 
       1.881192061875e-02       1.917150628687e+04 
       1.895651266586e-02       1.914512848144e+04 
       1.910115507192e-02       1.911690099942e+04 
       1.924584862105e-02       1.908818395789e+04 
       1.939059412102e-02       1.905836136981e+04 
       1.953539240358e-02       1.902786972452e+04 
       1.968024432476e-02       1.899585030399e+04 
       1.982515076519e-02       1.896349238781e+04 
       1.997011263050e-02       1.892970415736e+04 
       2.011513085161e-02       1.889533835102e+04 
       2.026020638518e-02       1.886035137028e+04 
       2.040534021399e-02       1.882422048969e+04 
       2.055053334735e-02       1.878726165931e+04 
       2.069578682156e-02       1.874972702970e+04 
       2.084110170035e-02       1.871134715567e+04 
       2.098647907533e-02       1.867197268567e+04 
       2.113192006655e-02       1.863197615134e+04 
       2.127742582294e-02       1.859134301278e+04 
       2.142299752289e-02       1.854988291588e+04 
       2.156863637475e-02       1.850787968000e+04 
       2.171434361744e-02       1.846460885479e+04 
       2.186012052104e-02       1.842144000651e+04 
       2.200596838736e-02       1.837760259104e+04 
       2.215188855059e-02       1.833261695580e+04 
       2.229788237797e-02       1.828688193163e+04 
       2.244395127043e-02       1.824083076084e+04 
       2.259009666329e-02       1.819440461536e+04 
       2.273632002700e-02       1.814724353957e+04 
       2.288262286786e-02       1.809956163906e+04 
       2.302900672876e-02       1.805104772891e+04 
       2.317547319002e-02       1.800210194128e+04 
       2.332202387016e-02       1.795274687994e+04 
       2.346866042675e-02       1.790222762939e+04 
       2.361538455727e-02       1.785193572505e+04 
       2.376219800002e-02       1.780131089833e+04 
       2.390910253500e-02       1.774953542089e+04 
       2.405609998489e-02       1.769772415713e+04 
       2.420319221602e-02       1.764534209035e+04 
       2.435038113934e-02       1.759257181644e+04 
       2.449766871152e-02       1.753918883382e+04 
       2.464505693595e-02       1.748558165848e+04 
       2.479254786391e-02       1.743136629168e+04 
       2.494014359564e-02       1.737699575698e+04 
       2.508784628154e-02       1.732210483190e+04 
       2.523565812341e-02       1.726662004526e+04 
       2.538358137561e-02       1.721108392066e+04 
       2.553161834643e-02       1.715523969154e+04 
       2.567977139935e-02       1.709900415216e+04 
       2.582804295445e-02       1.704225938911e+04 
       2.597643548976e-02       1.698543988091e+04 
       2.612495154277e-02       1.692856697932e+04 
       2.627359371187e-02       1.687046221117e+04 
       2.642236465794e-02       1.681254873546e+04 
       2.657126710590e-02       1.675468795418e+04 
       2.672030384639e-02       1.669611358673e+04 
       2.686947773741e-02       1.663751305256e+04 
       2.701879170613e-02       1.657861569259e+04 
       2.716824875064e-02       1.651968062129e+04 
       2.731785194185e-02       1.646030318445e+04 
       2.746760442538e-02       1.640039557067e+04 
       2.761750942358e-02       1.634087652011e+04 
       2.776757023754e-02       1.628068745811e+04 
       2.791779024924e-02       1.622043391259e+04 
       2.806817292370e-02       1.616011429821e+04 
       2.821872181130e-02       1.609940691940e+04 
       2.836944055003e-02       1.603925857242e+04 
       2.852033286799e-02       1.597824740284e+04 
       2.867140258582e-02       1.591723063358e+04 
       2.882265361932e-02       1.585598982217e+04 
       2.897408998208e-02       1.579509515052e+04 
       2.912571578829e-02       1.573363736721e+04 
       2.927753525553e-02       1.567144539454e+04 
       2.942955270781e-02       1.561020336023e+04 
       2.958177257854e-02       1.554811657734e+04 
       2.973419941375e-02       1.548636404454e+04 
       2.988683787536e-02       1.542432044769e+04 
       3.003969274455e-02       1.536240166356e+04 
       3.019276892534e-02       1.530031550761e+04 
       3.034607144815e-02       1.523817014377e+04 
       3.049960547366e-02       1.517540905065e+04 
       3.065337629667e-02       1.511357165469e+04 
       3.080738935020e-02       1.505120414792e+04 
       3.096165020969e-02       1.498871878464e+04 
       3.111616459737e-02       1.492621308450e+04 
       3.127093838680e-02       1.486382618079e+04 
       3.142597760759e-02       1.480127044849e+04 
       3.158128845029e-02       1.473865563403e+04 
       3.173687727147e-02       1.467630885151e+04 
       3.189275059900e-02       1.461370400196e+04 
       3.204891513753e-02       1.455127534499e+04 
       3.220537777422e-02       1.448837528169e+04 
       3.236214558466e-02       1.442628314615e+04 
       3.251922583903e-02       1.436390487837e+04 
       3.267662600854e-02       1.430104954384e+04 
       3.283435377211e-02       1.423867357127e+04 
       3.299241702334e-02       1.417603094733e+04 
       3.315082387774e-02       1.411399370159e+04 
       3.330958268032e-02       1.405162139912e+04 
       3.346870201343e-02       1.398882211428e+04 
       3.362819070499e-02       1.392653522107e+04 
       3.378805783707e-02       1.386443180608e+04 
       3.394831275477e-02       1.380263071984e+04 
       3.410896507562e-02       1.374025733292e+04 
       3.427002469928e-02       1.367806936348e+04 
       3.443150181770e-02       1.361584559331e+04 
       3.459340692580e-02       1.355416305864e+04 
       3.475575083254e-02       1.349227215473e+04 
       3.491854467255e-02       1.343016477732e+04 
       3.508179991831e-02       1.336876079827e+04 
       3.524552839287e-02       1.330717132359e+04 
       3.540974228316e-02       1.324541108743e+04 
       3.557445415396e-02       1.318404833234e+04 
       3.573967696254e-02       1.312264908534e+04 
       3.590542407399e-02       1.306142457990e+04 
       3.607170927730e-02       1.300007111884e+04 
       3.623854680226e-02       1.293890033066e+04 
       3.640595133719e-02       1.287787970029e+04 
       3.657393804751e-02       1.281712898432e+04 
       3.674252259539e-02       1.275619270683e+04 
       3.691172116025e-02       1.269561160983e+04 
       3.708155046045e-02       1.263485905108e+04 
       3.725202777604e-02       1.257456237875e+04 
       3.742317097275e-02       1.251403788772e+04 
       3.759499852727e-02       1.245399604298e+04 
       3.776752955391e-02       1.239354949815e+04 
       3.794078383264e-02       1.233398733397e+04 
       3.811478183882e-02       1.227344954184e+04 
       3.828954477447e-02       1.221373633238e+04 
       3.846509460135e-02       1.215396729401e+04 
       3.864145407598e-02       1.209451309206e+04 
       3.881864678661e-02       1.203506631965e+04 
       3.899669719240e-02       1.197602218588e+04 
       3.917563066492e-02       1.191678002984e+04 
       3.935547353214e-02       1.185721541666e+04 
       3.953625312501e-02       1.179872817588e+04 
       3.971799782705e-02       1.173981939043e+04 
       3.990073712686e-02       1.168102498990e+04 
       4.008450167402e-02       1.162211890799e+04 
       4.026932333854e-02       1.156369220679e+04 
       4.045523527410e-02       1.150543223586e+04 
       4.064227198547e-02       1.144730219445e+04 
       4.083046940033e-02       1.138913767498e+04 
       4.101986494592e-02       1.133108029512e+04 
       4.121049763090e-02       1.127329868686e+04 
       4.140240813283e-02       1.121545303889e+04 
       4.159563889169e-02       1.115754423378e+04 
       4.179023421007e-02       1.109999648243e+04 
       4.198624036052e-02       1.104273893236e+04 
       4.218370570059e-02       1.098521086675e+04 
       4.238268079648e-02       1.092815230110e+04 
       4.258321855580e-02       1.087090605057e+04 
       4.278537437042e-02       1.081389787801e+04 
       4.298920627029e-02       1.075680891140e+04 
       4.319477508926e-02       1.069998022415e+04 
       4.340214464398e-02       1.064326932587e+04 
       4.361138192722e-02       1.058638950301e+04 
       4.382255731693e-02       1.052964008369e+04 
       4.403574480259e-02       1.047341940822e+04 
       4.425102223072e-02       1.041695743462e+04 
       4.446847157125e-02       1.036062371632e+04 
       4.468817920715e-02       1.030420191881e+04 
       4.491023624963e-02       1.024816055914e+04 
       4.513473888168e-02       1.019180526704e+04 
       4.536178873300e-02       1.013566844362e+04 
       4.559149328983e-02       1.007946196700e+04 
       4.582396634358e-02       1.002368089971e+04 
       4.605932848274e-02       9.967522298522e+03 
       4.629770763297e-02       9.911491223155e+03 
       4.653923965134e-02       9.855546338919e+03 
       4.678406898098e-02       9.799590748911e+03 
       4.703234937379e-02       9.743688012340e+03 
       4.728424468959e-02       9.687750959158e+03 
       4.753992978171e-02       9.631685132873e+03 
       4.779959147995e-02       9.575717620917e+03 
       4.806342968425e-02       9.519535704571e+03 
       4.833165858381e-02       9.463631126416e+03 
       4.860450801923e-02       9.407313191148e+03 
       4.888222500784e-02       9.351022248939e+03 
       4.916507545584e-02       9.295276041307e+03 
       4.945334608489e-02       9.238552976418e+03 
       4.974734660551e-02       9.181923840379e+03 
       5.004741217556e-02       9.125445274979e+03 
       5.035390618866e-02       9.068564285840e+03 
       5.066722344619e-02       9.011488673748e+03 
       5.098779377634e-02       8.954279109788e+03 
       5.131608617603e-02       8.897061430610e+03 
       5.165261356670e-02       8.839412756486e+03 
       5.199793827349e-02       8.781340489806e+03 
       5.235267835977e-02       8.722978271867e+03 
       5.271751497771e-02       8.664597545677e+03 
       5.309320092992e-02       8.605749523228e+03 
       5.348057068147e-02       8.546400884555e+03 
       5.388055211575e-02       8.486575883950e+03 
       5.429418039673e-02       8.426294229113e+03 
       5.472261438680e-02       8.365309575215e+03 
       5.516715617931e-02       8.303841724474e+03 
       5.562927444474e-02       8.241603251843e+03 
       5.611063246707e-02       8.178528889107e+03 
       5.661312197376e-02       8.114732513893e+03 
       5.713890415169e-02       8.049858194320e+03 
       5.769045960830e-02       7.983864048386e+03 
       5.827064950079e-02       7.916679594482e+03 
       5.888279063404e-02       7.847878554328e+03 
       5.953074803312e-02       7.777624680812e+03 
       6.021904932361e-02       7.705333045524e+03 
       6.095302615358e-02       7.630909465166e+03 
       6.173898871904e-02       7.553734381739e+03 
       6.258443986179e-02       7.473712715297e+03 
       6.349833444562e-02       7.389914333362e+03 
       6.449138626272e-02       7.301454017405e+03 
       6.557641565450e-02       7.207600474561e+03 
       6.676871105092e-02       7.107089103881e+03 
       6.808633796459e-02       6.998062304137e+03 
       6.955025735074e-02       6.878219126098e+03 
       7.118400104284e-02       6.744897610590e+03 
       7.301250618034e-02       6.594290368449e+03 
       7.505961417369e-02       6.422088942810e+03 
       7.734391118683e-02       6.223984780392e+03 
       7.987335221928e-02       5.996219453593e+03 
       8.264050684736e-02       5.736928361084e+03 
       8.562130694968e-02       5.448235593272e+03 
       8.877908998333e-02       5.136653710027e+03 
       9.207242608808e-02       4.812363454904e+03 
       9.546277397875e-02       4.487725960934e+03 
       9.891894456657e-02       4.175124328050e+03 
       1.024180786300e-01       3.884753246567e+03 
       1.059445226709e-01       3.624014755418e+03 
       1.094880286763e-01       3.396933535793e+03 
       1.130420784871e-01       3.204328503511e+03 
       1.166026009070e-01       3.044586274481e+03 
       1.201670815281e-01       2.913756751484e+03 
       1.237339780572e-01       2.806678650196e+03 
       1.273023483707e-01       2.717316743733e+03 
       1.308716183393e-01       2.639427316295e+03 
       1.344414385351e-01       2.567226812636e+03 
       1.380115963950e-01       2.495438585217e+03 
       1.415819626001e-01       2.420164155676e+03 
       1.451524584227e-01       2.338904244043e+03 
       1.487230358707e-01       2.250706977678e+03 
       1.522936656256e-01       2.156068977461e+03 
       1.558643297163e-01       2.056668773125e+03 
       1.594350170724e-01       1.954999448303e+03 
       1.630057208235e-01       1.853923596552e+03 
       1.665764366603e-01       1.756289242102e+03 
       1.701471618379e-01       1.664590476071e+03 
       1.737178945712e-01       1.580744109652e+03 
       1.772886336664e-01       1.505954012161e+03 
       1.808593782970e-01       1.440692591013e+03 
       1.844301278670e-01       1.384742936315e+03 
       1.880008819270e-01       1.337302095392e+03 
       1.915716401232e-01       1.297115304002e+03 
       1.951424021652e-01       1.262631734282e+03 
       1.987131678067e-01       1.232157222639e+03 
       2.022839368328e-01       1.204131428734e+03 
       2.058547090520e-01       1.177090877563e+03 
       2.094254842913e-01       1.149542678284e+03 
       2.129962623924e-01       1.120523965608e+03 
       2.165670432095e-01       1.089495990386e+03 
       2.201378266076e-01       1.056361085325e+03 
       2.237086124608e-01       1.021430596195e+03 
       2.272794006520e-01       9.853113765125e+02 
       2.308501910712e-01       9.487925652230e+02 
       2.344209836158e-01       9.126914717292e+02 
       2.379917781891e-01       8.777697612350e+02 
       2.415625747005e-01       8.446549230035e+02 
       2.451333730645e-01       8.138224010850e+02 
       2.487041732009e-01       7.855844834460e+02 
       2.522749750337e-01       7.600915828184e+02 
       2.558457784914e-01       7.373322448235e+02 
       2.594165835065e-01       7.171324891266e+02 
       2.629873900151e-01       6.991772014177e+02 
       2.665581979568e-01       6.830381111118e+02 
       2.701290072743e-01       6.682214674482e+02 
       2.736998179135e-01       6.542317906551e+02 
       2.772706298230e-01       6.406200000500e+02 
       2.808414429540e-01       6.270209007719e+02 
       2.844122572602e-01       6.131767866080e+02 
       2.879830726976e-01       5.989436246488e+02 
       2.915538892245e-01       5.842695265373e+02 
       2.951247068010e-01       5.691899453094e+02 
       2.986955253893e-01       5.538218718741e+02 
       3.022663449533e-01       5.383422398530e+02 
       3.058371654586e-01       5.229746159977e+02 
       3.094079868725e-01       5.079498728440e+02 
       3.129788091636e-01       4.934630282259e+02 
       3.165496323022e-01       4.796913067910e+02 
       3.201204562597e-01       4.667844366238e+02 
       3.236912810088e-01       4.547899412579e+02 
       3.272621065235e-01       4.436918079759e+02 
       3.308329327789e-01       4.334269438501e+02 
       3.344037597512e-01       4.239023567157e+02 
       3.379745874174e-01       4.150057603043e+02 
       3.415454157557e-01       4.066146101940e+02 
       3.451162447452e-01       3.986008129672e+02 
       3.486870743656e-01       3.908377366338e+02 
       3.522579045979e-01       3.832090918163e+02 
       3.558287354233e-01       3.756188227924e+02 
       3.593995668243e-01       3.680029107056e+02 
       3.629703987836e-01       3.603342641813e+02 
       3.665412312849e-01       3.526214827626e+02 
       3.701120643125e-01       3.448998876183e+02 
       3.736828978511e-01       3.372193817789e+02 
       3.772537318863e-01       3.296365940725e+02 
       3.808245664039e-01       3.222056450991e+02 
       3.843954013904e-01       3.149768013030e+02 
       3.879662368329e-01       3.079922298289e+02 
       3.915370727189e-01       3.012892451046e+02 
       3.951079090361e-01       2.948953498901e+02 
       3.986787457731e-01       2.888201805538e+02 
       4.022495829186e-01       2.830595794463e+02 
       4.058204204616e-01       2.775897775036e+02 
       4.093912583919e-01       2.723730835587e+02 
       4.129620966993e-01       2.673666909206e+02 
       4.165329353741e-01       2.625274014760e+02 
       4.201037744068e-01       2.578186678717e+02 
       4.236746137884e-01       2.532108085664e+02 
       4.272454535100e-01       2.486829947733e+02 
       4.308162935633e-01       2.442200469004e+02 
       4.343871339399e-01       2.398096248413e+02 
       4.379579746320e-01       2.354441312607e+02 
       4.415288156319e-01       2.311217416019e+02 
       4.450996569320e-01       2.268478800783e+02 
       4.486704985253e-01       2.226341355290e+02 
       4.522413404048e-01       2.184964274052e+02 
       4.558121825636e-01       2.144511263331e+02 
       4.593830249953e-01       2.105114469661e+02 
       4.629538676935e-01       2.066849725866e+02 
       4.665247106521e-01       2.029751168715e+02 
       4.700955538652e-01       1.993812985364e+02 
       4.736663973268e-01       1.959021547308e+02 
       4.772372410316e-01       1.925364301146e+02 
       4.808080849739e-01       1.892819142658e+02 
       4.843789291485e-01       1.861336227692e+02 
       4.879497735504e-01       1.830833381377e+02 
       4.915206181745e-01       1.801198644777e+02 
       4.950914630161e-01       1.772295264826e+02 
       4.986623080703e-01       1.743996248260e+02 
       5.022331533328e-01       1.716205528666e+02 
       5.058039987990e-01       1.688863298780e+02 
       5.093748444646e-01       1.661945697799e+02 
       5.129456903256e-01       1.635448735720e+02 
       5.165165363777e-01       1.609371499837e+02 
       5.200873826171e-01       1.583710870128e+02 
       5.236582290399e-01       1.558467305209e+02 
       5.272290756424e-01       1.533655560028e+02 
       5.307999224209e-01       1.509308772179e+02 
       5.343707693720e-01       1.485476297266e+02 
       5.379416164920e-01       1.462208013486e+02 
       5.415124637778e-01       1.439543545434e+02 
       5.450833112260e-01       1.417491687957e+02 
       5.486541588334e-01       1.396032712571e+02 
       5.522250065970e-01       1.375126626983e+02 
       5.557958545137e-01       1.354727003962e+02 
       5.593667025806e-01       1.334797757515e+02 
       5.629375507948e-01       1.315312728562e+02 
       5.665083991536e-01       1.296249698659e+02 
       5.700792476541e-01       1.277587417910e+02 
       5.736500962938e-01       1.259295537327e+02 
       5.772209450700e-01       1.241337472287e+02 
       5.807917939803e-01       1.223678327798e+02 
       5.843626430221e-01       1.206295110130e+02 
       6.098499988372e-01       1.090700517643e+02 
       6.379012150762e-01       9.808256609937e+01 
       6.692155016929e-01       8.757591640581e+01 
       7.048289411804e-01       7.737624048825e+01 
       7.463575314208e-01       6.745898563366e+01 
       7.964864495691e-01       5.765214845491e+01 
       8.600359572322e-01       4.782439117540e+01 
       9.464523272956e-01       3.780461052759e+01 
       1.075515570300e+00       2.754307588370e+01 
       1.284217734712e+00       1.766042624564e+01 
       1.600576394599e+00       1.008777754161e+01 
       2.014214253883e+00       5.575121400040e+00 
       2.535737271031e+00       3.054033762018e+00 
       3.192304073117e+00       1.661204624145e+00 
       4.018872719818e+00       8.977881142249e-01 
       5.059460993745e+00       4.823022845891e-01 
