0.0001 429.45121873666454
0.00010103726992380052 433.75154059639243
0.00010208529913654915 438.0948767145056
0.00010314419924111436 442.4816559903927
0.00010421408299798732 446.91231143504393
0.00010529506433728996 451.3872802345362
0.00010638725837090695 455.90700389955043
0.00010749078140474433 460.4719283109483
0.0001086057509511139 465.0825037626152
0.0001097322857412474 469.7391850047228
0.00011087050573794019 474.44243128742
0.00011202053214832538 479.1927064049275
0.00011318248743678113 483.9904787400757
0.00011435649533797216 488.83622130926454
0.00011554268087002529 493.7304118078617
0.00011674117034784287 498.6735326551656
0.00011795209139655367 503.66607093534327
0.00011917557296510381 508.70851833814623
0.00012041174533998778 513.801371381508
0.00012166074015912262 518.9451314819783
0.0001229226904258663 524.1403050024787
0.00012419773052318021 529.3874033005029
0.00012548599622793987 534.6869427767834
0.00012678762472539374 540.039444924425
0.00012810275462377132 545.4454363785126
0.00012943152596904368 550.9054489661899
0.0001307740802598365 556.4200197571738
0.00013213056046249854 561.9896910236987
0.00013350111102632508 567.615010089653
0.00013488587789894056 573.296529603315
0.00013628500854184056 579.0348076446688
0.00013769865194609404 584.830407777989
0.00013912695864820948 590.68389910491
0.00014057008074616574 596.5958563180103
0.00014202817191560782 602.5668597549002
0.00014350138742621213 608.5974954528172
0.00014498988415822053 614.6883552037395
0.00014649382061914697 620.8400365599321
0.00014801335696065565 627.053142596303
0.00014954865499561588 633.3282821523406
0.00015109987821533362 639.666070025695
0.00015266719180696047 646.067127029848
0.00015425076267108493 652.532080051882
0.00015585075943950485 659.0615621107805
0.00015746735249318555 665.656212416285
0.0001591007139804023 672.3166764282948
0.00016075101783507274 679.0436059134804
0.00016241843979527916 685.8376587743495
0.00016410315742198164 692.6994989479577
0.0001658053501179267 699.6297968032434
0.00016752519914675211 706.6292292373823
0.00016926288765228828 713.6984797379099
0.00017101860067806173 720.8382384454243
0.0001727925251869996 728.0492022168547
0.00017458485008133977 735.3320746893427
0.00017639576622274574 742.6875663364968
0.00017822546645263157 750.1163942158015
0.0001800741456126979 757.6192819171855
0.0001819420005656792 765.1969600120216
0.00018382923021630776 772.8501661472903
0.00018573603553249552 780.5796451122433
0.00018766261956673354 788.3861489056509
0.00018960918747771546 796.270436803668
0.00019157594655218416 804.233275428308
0.00019356310622700612 812.275438672284
0.00019557087811147288 820.3977072779852
0.00019759947600983557 828.6008693402426
0.000199649115944073 836.8857205411988
0.00020172001617689453 845.2530642209563
0.000203812397234983 853.7037114488803
0.0002059264819324781 862.2384810955194
0.0002080624953947042 870.8581999051764
0.0002102206650821423 879.5637024062878
0.00021240122081465256 888.3558303954386
0.0002146043947959481 897.2354335143806
0.00021683042163832058 906.203369529369
0.00021907953838762475 915.260504405859
0.00022135198454852035 924.4077123838464
0.00022364800210997773 933.6458760538626
0.00022596783557104504 942.9758864288998
0.0002283117319668865 952.3986425876981
0.00023067994089508707 961.9150513790321
0.00023307271454223261 971.5260281792594
0.0002354903077107644 981.2324970506528
0.00023793297784611346 991.0353908200884
0.00024040098506411414 1000.9356511583501
0.0002428945921787041 1010.9342286601253
0.00024541406472991176 1021.0320827531524
0.00024795967101213145 1031.2301809489259
0.00025053168210269504 1041.52949952178
0.00025313037189073756 1051.9310239339843
0.00025575601710636455 1062.4357489180745
0.00025840889735011897 1073.044678559345
0.0002610892951227561 1083.7588263790728
0.0002637974958553272 1094.5792153116918
0.0002665337879395734 1105.5068768315605
0.00026929846275863687 1116.5428514476266
0.0002720918147180891 1127.688189365241
0.00027491414127728286 1138.943950577808
0.00027776574298102655 1150.3112049522804
0.0002806469234915895 1161.7910323153765
0.00028355798962103923 1173.3845224042946
0.0002864992513639117 1185.0927738443816
0.00028947102193022285 1196.9168947638175
0.00029247361777882307 1208.8580035129853
0.0002955073586510941 1220.917228757894
0.0002985725676049989 1233.0957095684087
0.0003016695710494845 1245.3945955071224
0.0003047986987792389 1257.815046419642
0.00030796028400981125 1270.3582312803535
0.00031115466341309536 1283.0253292647094
0.00031438217715318214 1295.8175303082373
0.0003176431689225814 1308.73603519659
0.00032093798597882184 1321.7820556560885
0.00032426697918143133 1334.9568144395964
0.0003276305030292968 1348.261544622778
0.00033102891569841605 1361.6974888066895
0.0003344625790800383 1375.2659005971025
0.0003379318588192031 1388.968044893184
0.0003414371243536747 1402.8051979792233
0.0003449787489532844 1416.7786476169867
0.0003485571097596801 1430.8896930102223
0.00035217258782648566 1445.139643353465
0.00035582556815987976 1459.529818358927
0.00035951643975959413 1474.0615494480992
0.0003632455956603388 1488.736179867017
0.00036701343297365315 1503.5550647792686
0.0003708203529301967 1518.5195713585251
0.0003746667609224725 1533.6310780966455
0.00037855306654799894 1548.8909734640542
0.0003824796836529259 1564.3006577295064
0.0003864470303761047 1579.8615434157043
0.00039045552919361623 1595.5750553923713
0.0003945056069637574 1611.4426309698251
0.00039859769497249914 1627.4657198080677
0.000402732228979411 1643.6457820410797
0.00040690964926406585 1659.984289046455
0.00041113040067292377 1676.4827248486063
0.0004153949326667046 1693.1425862331887
0.0004197036993682477 1709.965382839947
0.00042405715961087224 1726.9526372449432
0.0004284557769872386 1744.1058837555354
0.00043290001989871305 1761.4266672178385
0.00043739036160524885 1778.916545261333
0.00044192728027578197 1796.5770886703615
0.0004465112590391523 1814.4098814755178
0.00045114278603554847 1832.4165210452961
0.00045582235446849046 1850.5986176978427
0.0004605504626573515 1868.9577923040797
0.00046532761409042036 1887.4956780930083
0.0004701543174785188 1906.2139218154214
0.00047503108680917264 1925.1141838347905
0.0004799584414013469 1944.1981382164763
0.0004849369059607443 1963.467472725265
0.000489967010635684 1982.923886678928
0.0004950492910735523 2002.5690908106615
0.000500184288477846 2022.4048096017575
0.0005053725496658024 2042.4327814799087
0.000510614627126629 2062.654758904814
0.0005159110790803397 2083.0725084529863
0.0005212624695371943 2103.6878096916334
0.0005266693683577634 2124.5024528308954
0.0005321323513136087 2145.518241601031
0.0005376520001485972 2166.736993971786
0.00054322890264085 2188.1605422332923
0.0005488636526653351 2209.79073307703
0.0005545568502571056 2231.62942731068
0.0005603091016751975 2253.6784967182753
0.0005661210194671911 2275.939825550397
0.0005719932225344372 2298.4153125202515
0.0005779263361979643 2321.1068709002025
0.0005839209922650675 2344.0164285965743
0.0005899778290965905 2367.1459281885614
0.0005960974916749007 2390.497324688639
0.0006022806316725731 2414.0725840829173
0.0006085279075217885 2437.8736866998092
0.0006148399844844446 2461.902627607303
0.0006212175347230016 2486.16141668012
0.0006276612373720577 2510.6520786665433
0.0006341717786106722 2535.376652341136
0.0006407498517354309 2560.337186600525
0.0006473961572342789 2585.5357435829824
0.0006541114028611104 2610.974400266461
0.0006608963037111384 2636.6552485272223
0.0006677515822970433 2662.580395196999
0.000674677968625912 2688.751961968722
0.0006816762002769768 2715.1720817674136
0.0006887470224801554 2741.84289842398
0.0006958911881954136 2768.7665704331694
0.0007031094581929427 2795.945271186755
0.0007104026011341749 2823.3811890189545
0.0007177713936536355 2851.0765272510357
0.0007252166204416486 2879.0335024512174
0.0007327390743278923 2907.254339792403
0.0007403395563658291 2935.741277806718
0.00074801887591801 2964.496569797023
0.0007557778507422582 2993.522483868045
0.0007636173070787537 3022.8213029564386
0.0007715380797380163 3052.3953244818135
0.0007795410121898068 3082.2468547846324
0.0007876269566529409 3112.378210115998
0.0007957967741860473 3142.7917210965784
0.0008040513347792539 3173.489732856732
0.0008123915174468357 3204.474605048839
0.0008208182103208183 3235.7487118523054
0.0008293323107455531 3267.3144386628423
0.0008379347253732766 3299.1741763784016
0.0008466263702606531 3331.330328494967
0.0008554081709663309 3363.785312520846
0.0008642810626494968 3396.5415599673092
0.0008732459901694636 3429.6015163374273
0.0008823039081862845 3462.9676402176956
0.0008914557812624174 3496.642394703384
0.0009007025839654334 3530.6282507834585
0.0009100453009718001 3564.927692669277
0.0009194849271717405 3599.5432178318483
0.000929022467775172 3634.477336964428
0.0009386589384187532 3669.7325738717727
0.0009483953652740352 3705.311458802595
0.0009582327851567408 3741.216522675143
0.0009681722456371677 3777.4503074333647
0.0009782148051517452 3814.015367215773
0.000988361533115748 3850.9142682857055
0.0009986135100371713 3888.149588958878
0.0010089718276317958 3925.723917156847
0.0010194375889394397 3963.6398394292787
0.0010300119084414255 4001.8999489873436
0.0010406959121792513 4040.5068499807217
0.001051490737874508 4079.4631573970064
0.0010623975350500285 4118.771496953884
0.0010734174651523005 4158.434503939963
0.0010845517016751472 4198.454805602341
0.0010958014302846892 4238.835022921555
0.001107167848945608 4279.577785250684
0.001118652168048709 4320.685730652488
0.0011302556105398207 4362.1615057396275
0.001141979412050018 4404.007765563518
0.0011538248210272069 4446.227177620427
0.0011657930988690673 4488.822424921854
0.001177885520057377 4531.796199521667
0.0011901033722937335 4575.151201649887
0.0012024479566366709 4618.890139539195
0.001214920587640217 4663.015729202254
0.0012275225934938695 4707.530650899607
0.0012402553161640374 4752.43746537988
0.001253120111536944 4797.738711711966
0.001266118349563011 4843.436928568402
0.0012792514144027464 4889.534653864609
0.0012925207045741387 4936.034424391925
0.0013059276331015808 4982.93879145246
0.0013194736276663436 5030.250364650626
0.001333160130758606 5077.971768061299
0.0013469885998310634 5126.105626570072
0.0013609605074541328 5174.654565547569
0.001375077341472756 5223.6212105211835
0.0013893406051648488 5273.008215039163
0.0014037518174013718 5322.8183305472385
0.0014183125128080796 5373.05433336812
0.0014330242419289371 5423.719004249992
0.0014478885713912347 5474.81512812505
0.0014629070840724212 5526.345493515659
0.00147808137926865 5578.312818558271
0.0014934130728650997 5630.719655414463
0.0015089037975080345 5683.568527580511
0.001524555202778669 5736.861951306059
0.0015403689553688282 5790.602435113481
0.0015563467392584278 5844.792479814288
0.0015724902558948038 5899.434590349546
0.0015888012243738944 5954.531276541833
0.0016052813816232992 6010.0850401582375
0.0016219324825872473 6066.098373787388
0.0016387563004134759 6122.573760336849
0.0016557546266420492 6179.513664974404
0.0016729292713961428 6236.920500950312
0.0016902820635747884 6294.796654665787
0.0017078148510476445 6353.1444983946485
0.0017255295008517602 6411.966389706847
0.0017434278993904008 6471.264670183961
0.0017615119526339245 6531.041646896085
0.0017797835863227456 6591.29958938425
0.0017982447461724097 6652.040747566273
0.0018168973980807774 6713.267352069104
0.0018357435283373833 6774.981613518257
0.0018547851438349414 6837.185709616666
0.0018740242722830615 6899.881767568711
0.0018934629624241753 6963.071886980491
0.0019131032842517016 7026.75814308175
0.0019329473292304844 7090.942585989436
0.0019529972105194957 7155.627229380434
0.0019732550631968776 7220.8140237399475
0.0019937230444872895 7286.504882747389
0.0020144033339916365 7352.701689926479
0.0020352981339191666 7419.406297828754
0.002056409669321981 7486.620519184443
0.0020777401883319817 7554.3461079772505
0.0020992919624002655 7622.584778317937
0.002121067286539005 7691.338208572272
0.002143068479565846 7760.60804034551
0.0021652978843508318 7830.395860811301
0.0021877578680658894 7900.703184726586
0.0022104508224369164 7971.531481804415
0.0022333791639984535 8042.88217953474
0.002256545334351037 8114.75666069168
0.002279951800421184 8187.156237313009
0.0023036010547241013 8260.082152834759
0.002327495615629106 8333.535602074866
0.0023516380276278003 8407.5177308927
0.002376030861605039 8482.029627224352
0.002400676715112684 8557.072298570582
0.00242557821264623 8632.646692373124
0.0024507380059242676 8708.753701389838
0.0024761587741708685 8785.394159067027
0.002501843224400891 8862.568795617637
0.00252779409170824 8940.278249047142
0.0025540141395571357 9018.523094723547
0.002580506160076372 9097.303844751821
0.002607272974356664 9176.620942032654
0.002634317432751045 9256.474757077038
0.002661642415178405 9336.865592834616
0.0026892508314301684 9417.793683667529
0.0027171456214801462 9499.259158884928
0.0027453297557976197 9581.262007427635
0.0027738062356636546 9663.802134983469
0.002802578093490697 9746.879370197834
0.002831648393145498 9830.493461007914
0.002861020230275377 9914.644071089457
0.0028906967326378687 9999.330782508048
0.0029206810604338056 10084.553093758503
0.0029509764066438207 10170.310369197297
0.0029815859973683864 10256.601817723076
0.003012513092171336 10343.426552942268
0.0030437609844269826 10430.783596738567
0.0030753330016708184 10518.67188014647
0.0031072325059538584 10607.090241400907
0.0031394628942006705 10696.037422938673
0.0031720275985710885 10785.512046295862
0.003204930086825718 10875.512533141919
0.0032381738626951952 10966.037174452114
0.0032717624662533017 11057.084154749924
0.0033056994742939414 11148.651547789994
0.0033399885007120212 11240.737314564118
0.0033746331968883027 11333.339305043608
0.0034096372520782095 11426.45523262455
0.003445004393804715 11520.082601821916
0.003480738388255258 11614.21877529205
0.0035168430406828086 11708.860997180442
0.003553322195811083 11804.006418834928
0.0035901797382439558 11899.652087394701
0.003627419592879137 11995.794922435987
0.0036650457253261195 12092.431588548809
0.003703062142328464 12189.558464980777
0.0037414728921904804 12287.171785542785
0.0037802820652083216 12385.267716750192
0.0038194937941055484 12483.84241466583
0.003859112254473233 12582.891912224557
0.0038991416652145797 12682.411983219381
0.003939586288994225 12782.3979981657
0.003980450432692131 12882.84514353835
0.004021738447862235 12983.748572328068
0.0040634547311958315 13085.103531324348
0.004105603724989771 13186.905147429557
0.004148189917619523 13289.148124000109
0.004191217844017112 13391.826570910467
0.004234692086154062 13494.934405132653
0.004278617273529298 13598.46573977765
0.004322998083662152 13702.414897263508
0.004367839242590452 13806.775989928532
0.004413145525373795 13911.542306110694
0.004458921756602046 14016.706601676739
0.004505172810909072 14122.261815811571
0.00455190361349187 14228.202009261733
0.00459911914063501 14334.521266278767
0.00464682442024057 14441.20958429559
0.004695024532363544 14548.251874486346
0.004743724609752802 14655.634747532473
0.004792929838397686 14763.359040386023
0.004842645458080246 14871.430937893718
0.0048928767629332045 14979.845854082892
0.004943629102003735 15088.583184388277
0.004994907879823069 15197.622818145095
0.005046718556982011 15306.955873344137
0.005099066650712445 15416.577083491195
0.005151957735474822 15526.481489563823
0.005205397443551816 15636.664405932499
0.005259391465648061 15747.116846414434
0.005313945551496159 15857.819892178228
0.005369065510468965 15968.759000172899
0.0054247572121982005 16079.952130514339
0.005481026587199532 16191.416989976542
0.005537879627504057 16303.037659020638
0.005595322387296433 16414.618972507717
0.005653360983559536 16526.203046445768
0.005712001596725872 16638.086216300253
0.005771250471335716 16750.381224917535
0.00583111391670207 16862.891620694114
0.0058915983075825615 16975.46963812562
0.005952710084858256 17088.125529967245
0.006014455756219531 17200.88106681309
0.006076841896859085 17313.7390403671
0.006139875150172113 17426.694517574386
0.006203562228463744 17539.729951218804
0.006267909913663848 17652.843821789727
0.0063329250580491875 17766.077035168546
0.006398614584973158 17879.391262349905
0.006464985489602998 17992.577105353696
0.006532044839664718 18105.56033895924
0.006599799776195724 18218.50844951282
0.006668257514305249 18331.46831274314
0.006737425343942705 18444.334700882955
0.00680731063067393 18557.091870194028
0.006877920816465586 18669.784528771925
0.006949263420477599 18782.383311828566
0.007021346039863883 18894.833891534126
0.007094176350581351 19007.108106066193
0.007167762108207293 19119.191854734654
0.007242111148765297 19231.082155404147
0.007317231389559637 19342.729467094432
0.007393130830018429 19454.06527993866
0.007469817552545434 19565.121466637596
0.00754729972338076 19675.99786212125
0.007625585593470468 19786.833455093776
0.007704683499345195 19897.39710320583
0.007784601864007916 20007.324785659057
0.007865349197830884 20116.791813508607
0.00794693409946187 20225.915396011635
0.008029365256739836 20334.606859636126
0.008112651447620085 20442.868758238314
0.008196801541109008 20550.69391528385
0.00828182449820855 20658.014415009184
0.008367729372870402 20764.81151606292
0.008454525312960207 20871.07356580842
0.008542221561231645 20976.769386729375
0.008630827456310705 21081.87572007088
0.008720352433690133 21186.369765297917
0.008810806026734199 21290.220092421077
0.008902197867693916 21393.378562570197
0.008994537688732707 21495.83492714574
0.009087835322962833 21597.586167547215
0.009182100705492446 21698.586799970933
0.009277343874483595 21798.80344972036
0.009373574972221162 21898.213247181407
0.009470804246192895 21996.791631619883
0.009569042050180677 22094.50159369785
0.009668298845363016 22191.30456834304
0.00976858520142912 22287.169795276306
0.009869911797704372 22382.102244110374
0.009972289424287599 22476.090113246715
0.010075728983200064 22568.95566017764
0.01018024148954645 22660.762388617506
0.010285838072687778 22751.56892612658
0.01039252997742658 22841.262235152433
0.010500328565204378 22929.736423482584
0.010609245315311478 23017.075997904965
0.01071929182610942 23103.16081229566
0.010830479816266048 23187.941944658094
0.010942821126003463 23271.49577573462
0.011056327718358785 23353.76367339471
0.01117101168045813 23434.65207117156
0.011286885224803764 23514.171358066178
0.01140396069057454 23592.231739297804
0.011522250544939891 23668.837118977186
0.011641767384387493 23743.94579425574
0.011762523936064563 23817.557097297667
0.011884533059133198 23889.580364777627
0.012007807746139704 23959.979213330207
0.012132361124398201 24028.73180785925
0.012258206457388449 24095.936112159976
0.012385357146168301 24161.246122600172
0.012513826730800781 24224.841047772778
0.012643628891795888 24286.693137525384
0.012774777451567427 24346.72822182882
0.012907286375904986 24404.88884382282
0.013041169775461051 24461.129860472083
0.013176441907253672 24515.47533163579
0.013313117176184648 24567.731370293062
0.013451210136573532 24618.17166705727
0.013590735493707417 24666.31831617864
0.013731708105406911 24712.4995619458
0.013874142983608374 24756.514588558468
0.014018055295962424 24798.384343584992
0.01416346036744917 24838.04378100426
0.014310373682010111 24875.437893657705
0.014458810884197067 24910.55777721076
0.014608787780838038 24943.311000258203
0.014760320342720502 24973.766133912482
0.014913424706292151 25001.757789662122
0.015068117175379156 25027.36394407838
0.015224414222922368 25050.55365639819
0.01538233249273155 25071.14661280153
0.015541888801257649 25089.266194801225
0.015703100139383617 25104.735554535546
0.015865983674233704 25117.662329225797
0.01603055675100163 25127.9135558814
0.016196836894797544 25135.387383903042
0.016364841812514287 25140.32453301846
0.01653458939471303 25142.314247999337
0.0167060977175283 25141.670060090353
0.016879385044592927 25138.1889396116
0.01705446982898297 25131.81498915619
0.01723137071518265 25122.595839374146
0.017410106541069805 25110.47689672583
0.017590696339921934 25095.420272412393
0.017773159342443022 25077.434744843908
0.017957514978811324 25055.98509083813
0.01814378288074849 25031.64286411
0.01833198288361016 25004.497623761443
0.01852213502849811 24975.212278284605
0.01871425956439442 24941.404098002844
0.018908376950317846 24905.140383552094
0.019104507857502322 24866.749198729696
0.0193026731715983 24822.91294446807
0.019502893994896783 24777.44418121594
0.019705191648576544 24729.715141991146
0.01990958767497448 24676.881819318212
0.020116103839879666 24621.529222532816
0.020324762134851217 24564.01055455145
0.020535584779560027 24501.638432285225
0.02074859422415496 24436.555823367267
0.020963813151653507 24369.572278403368
0.02118126448035735 24297.53341474032
0.021400971366292737 24223.180763586264
0.02162295720567643 24145.66281306117
0.02184724563740717 24065.520475030135
0.022073860545582816 23980.951685698612
0.02230282606204379 23893.83266579639
0.022534166568942915 23803.576109434023
0.022767906701341673 23710.36795560346
0.023004071349833653 23613.957783787486
0.023242685663195064 23514.730372519152
0.02348377505106288 23411.37659661293
0.023727365186640526 23306.2394977952
0.023973482009431838 23197.024359382718
0.024222151728003405 23085.20196895467
0.024473400822775312 22971.087693246507
0.024727256048841083 22853.697251940168
0.024983744438816857 22732.668964110744
0.02524289330571989 22609.29134064902
0.025504730245877176 22483.41363678959
0.025769283141864087 22354.57464681478
0.026036580165473642 22222.912290053755
0.02630664978071631 22089.141347835164
0.026579520746851187 21952.540202344895
0.026855222121448596 21813.81986160559
0.027133783263484205 21672.008405449506
0.027415233836465516 21528.18242953049
0.027699603811590756 21382.211510393845
0.02798692347094029 21234.03473223686
0.02827722341070142 21083.659089502922
0.028570534544426478 20931.375839202137
0.028866888106324852 20777.19731657516
0.02916631565458891 20620.942723288896
0.029468849074754652 20463.18981809067
0.02977452058309725 20303.675216749423
0.03008336273006151 20142.606344589512
0.030395408403728254 19980.5540778273
0.030710690833316432 19816.33283534663
0.031029243592721786 19651.306201178202
0.03135110060409189 19485.34447153364
0.03167629614143854 19317.900530966283
0.03200486483428767 19149.775860181588
0.032336841671366745 18980.8852873234
0.03267226200433079 18811.53761849913
0.033011161551527016 18641.317679960743
0.03335357640179821 18470.86118591432
0.03369954301832589 18299.801415603415
0.03404909824251317 18129.09174910259
0.034402279297908046 17957.7317352009
0.034759123794167096 17786.674722442276
0.03511966973106055 17616.085248870364
0.03548395550251891 17445.41968862605
0.0358520199007213 17275.515004708657
0.03622390212022642 17105.87238798502
0.03659964176214647 16937.05511090473
0.03697927883836395 16769.02034925403
0.03736285377579263 16602.006532745207
0.037750407420682454 16436.062513696823
0.038141981042969356 16271.145232360606
0.03853761634066977 16107.678256001678
0.03893735544432113 15945.44707346313
0.03934124092146838 15784.789147088864
0.03974931578119667 15625.793706556991
0.040161623478711515 15468.57158446101
0.04057820791996616 15313.122340178898
0.04099911346633721 15159.61437295353
0.04142438493934837 15008.089637275529
0.04185406762544354 14858.81122947796
0.0422882072808094 14711.378173318088
0.042726850136247656 14566.587099548566
0.04317004290209823 14423.8802023463
0.043617832773213475 14283.648961110724
0.04407026743398362 14145.991089343708
0.04452739506341479 14010.804077038521
0.044989264340259384 13878.364171610036
0.04545592444820001 13748.486895814523
0.04592742508108667 13621.140247346539
0.04640381644822875 13496.577342208853
0.04688514927974183 13374.647849897283
0.04737147483194956 13255.431817022401
0.04786284489284206 13138.592653066598
0.0483593117875908 13024.920004030217
0.0488609283841204 12913.532728666965
0.0493677480987386 12805.164291991458
0.04987982490182436 12699.426107981235
0.05039721332357534 12595.698807515895
0.050919968459814384 12494.916474343941
0.05144814597785669 12396.62128499683
0.051981802122437984 12300.609461818322
0.05252099372170354 12207.247894936749
0.05306577819325992 12115.697317116044
0.05361621355028925 12026.332992427697
0.05417235840772706 11938.63932641389
0.054734271988503835 11852.984162015106
0.0553020141298517 11768.96182928287
0.05587564528967656 11686.389861528665
0.05645522655299584 11605.355525936895
0.05704081963844345 11525.610098498142
0.05763248690484233 11446.916248891768
0.05823029135784453 11369.107694919228
0.05883429665664086 11292.030675923541
0.059444567120739714 11215.401510846741
0.06006116773681656 11138.972705561691
0.060684164165633936 11062.579379359517
0.06131362274903373 10986.008398676833
0.061949610517001964 10909.014326557435
0.0625921951948064 10831.457399229317
0.06324144521020857 10753.263662824194
0.06389742970075084 10674.210924224899
0.06456021852111832 10593.940158723997
0.06522988225057777 10512.151255201197
0.06590649220049344 10428.671630292229
0.06659012042192108 10343.350088650051
0.06728083971328022 10256.02142429088
0.06797872362810645 10166.515302733022
0.06868384648288427 10074.672810550821
0.06939628336496055 9980.35636877903
0.07011611014054059 9883.441823357547
0.07084340346276727 9783.818326758741
0.0715782407798832 9681.4013521685
0.07232070034347846 9576.121134238176
0.07307086121682317 9467.921188722416
0.07382880328328731 9356.78301530934
0.07459460725484669 9242.711353348544
0.07536835468067826 9125.720830169383
0.07615012795584424 9005.879851871327
0.07694001033006583 8883.320996769873
0.07773808591658861 8758.183588533488
0.0785444397011395 8630.616183284783
0.07935915755097706 8500.801758129817
0.08018232622403482 8368.932502193293
0.08101403337816025 8235.200806377306
0.08185436758044963 8099.860877980597
0.08270341831667875 7963.239283632825
0.0835612760008325 7825.654854736496
0.08442803198473309 7687.421811873446
0.0853037785677674 7548.889168223835
0.08618860900671625 7410.404484882808
0.08708261752568484 7272.296653903135
0.08798589932613701 7134.918467131121
0.08889855059703244 6998.655620407029
0.08982066852506995 6863.870376822272
0.09075235130503706 6730.915138158467
0.091693698150266 6600.186250333141
0.09264480930319904 6472.06693874329
0.09360578604606347 6346.906651216879
0.09457673071165636 6225.000374812159
0.09555774669424218 6106.6000928165295
0.09654893846056294 5991.934762410518
0.09755041156096303 5881.228741855069
0.09856227264062851 5774.707821005603
0.09958462945094393 5672.579051596427
0.10061759086096676 5574.993049970158
0.10166126686902023 5482.00960925053
0.10271576861440705 5393.67328111809
0.10378120838924483 5309.9990226757545
0.1048576996504232 5230.938237554534
0.10594535703168613 5156.436442990436
0.10704429635583877 5086.3917101443685
0.10815463464708179 5020.591743893312
0.10927649014347231 4958.820920006092
0.11040998230951526 4900.838031959311
0.11155523184888534 4846.350728079229
0.11271236071727976 4795.072176179461
0.11388149213540566 4746.641057983936
0.11506275060210136 4700.622747880144
0.11625626190759455 4656.590930678488
0.11746215314689679 4614.088509265638
0.11868055273333794 4572.6519087465185
0.11991159041224106 4531.823511801006
0.1211553972747381 4491.131996726694
0.12241210577172988 4450.116327223881
0.12368184972799091 4408.308870567246
0.12496476435641951 4365.238499800966
0.12626098627243684 4320.468676539637
0.1275706535085346 4273.642347502254
0.1288939055289744 4224.438555204882
0.1302308832446383 4172.580637188269
0.13158172902803458 4117.834180282907
0.13294658672845908 4060.057999305843
0.13432560168731275 3999.3027096604524
0.1357189207535792 3935.6536681007956
0.13712669229946273 3869.185567544749
0.13854906623618754 3799.9845648415317
0.13998619402996196 3728.306607000745
0.14143822871810766 3654.5459160933638
0.14290532492535676 3579.1068715838032
0.14438763888031692 3502.407086864625
0.145885328432108 3424.905442704752
0.14739855306717187 3347.1907070985994
0.14892747392625477 3269.8325752899177
0.15047225382156768 3193.352359668762
0.15203305725412342 3118.2417404132034
0.15361005043125486 3045.0294091943406
0.1552034012843131 2974.209249273437
0.15681327948655052 2906.1732301723086
0.15843985647118977 2841.255945179292
0.16008330544967814 2779.763230460161
0.1617438014301332 2721.950618334258
0.16342152123597958 2667.9389445972433
0.1651166435247777 2617.780166794767
0.16682934880724912 2571.4284187945373
0.1685598194664988 2528.7773183025565
0.17030823977743725 2489.6113892943445
0.17207479592640268 2453.66444675531
0.1738596760309882 2420.600221588257
0.17566307016007465 2389.996067253212
0.17748517035406972 2361.3449336138624
0.1793261706453584 2334.1590037957053
0.1811862670789659 2307.974692913173
0.1830656577334329 2282.357618635814
0.1849645427419094 2256.8057189038223
0.18688312431346618 2230.6611249391817
0.1888216067546285 2203.426760671178
0.19078019649113118 2174.7571164457936
0.192759102089901 2144.2604485333286
0.1947585342812675 2111.658115369126
0.1967787059814018 2076.9111704144484
0.19881983231499073 2040.03392246563
0.20088213063814456 2001.1209023814022
0.2029658205615437 1960.460419309423
0.20507112397382352 1918.422287800104
0.20719826506520345 1875.4208613294809
0.20934747035136128 1831.9008008507112
0.21151896869755316 1788.3492251961954
0.2137129913429857 1745.2760081804556
0.21592977192544088 1703.148067780093
0.21816954650615453 1662.3280249352224
0.22043255359495487 1623.133570423991
0.22271903417566055 1585.9497338563049
0.2250292317317437 1550.9752075265112
0.22736339227225644 1518.3357347198562
0.2297217643580289 1488.1599750553062
0.23210459912813866 1460.3090079327633
0.2345121503266526 1434.6649577154863
0.23694467432964858 1411.0910004780897
0.2394024301725171 1389.2511502235027
0.24188567957754417 1368.7519167729633
0.24439468698178252 1349.1542788426627
0.24692971956521073 1330.039956651193
0.2494910472791856 1311.0334888433295
0.25207894287518756 1291.7007677047475
0.2546936819338659 1271.7374683381654
0.25733554289438604 1250.9506962618007
0.2600048070840783 1229.1918429194432
0.26270175874839674 1206.368970870683
0.26542668508118883 1182.5443218563832
0.26817987625527673 1157.9045920128692
0.27096162545335817 1132.5269214354792
0.2737722288992266 1106.7913796216308
0.27661198588931657 1081.0394915552354
0.2794811988245738 1055.5419142889054
0.28238017324265796 1030.7521523838532
0.28530921785047986 1006.9124175450484
0.28826864455707335 984.2723012025241
0.2912587685068113 962.952591872438
0.29427990811296395 943.0361835135168
0.29733238509160753 924.4836979108106
0.3004165244958815 907.1049390993537
0.30353265475060376 890.7732230371215
0.30668110768724505 875.2663172377991
0.30986221857926316 860.3329479392985
0.31307632617780656 845.6708555772759
0.31632377274778856 831.1359433502297
0.31960490410433245 816.4523588187141
0.3229200696495982 801.3907279870713
0.3262696224099888 785.9766919958253
0.32965391907374514 770.0954691291095
0.3330733200289268 753.8878233674528
0.33652818940179036 737.5150171900989
0.3400188950955656 721.0839841588731
0.3435458088296307 704.7885219716371
0.34710930617909735 688.8578466765972
0.3507097666148058 673.4240506706589
0.35434757354373214 658.5874340764715
0.3580231143498182 644.4592119899901
0.36173678043522245 631.0632597054173
0.36548896726200136 618.3651945994685
0.3692800743942192 606.2538129861086
0.37311050554049824 594.6055577995991
0.3769806685970099 583.2386083308155
0.3808909756909088 572.0213266779235
0.38484184322422055 560.862172957497
0.3888336919181849 549.6982376390914
0.3928669468580554 538.4733736126507
0.3969420375383674 527.1535189137717
0.40105939790867345 515.8406324962724
0.40521946641975554 504.5468310432094
0.4094226860703126 493.40400824422335
0.41366950445413575 482.50107162440645
0.4179603738077732 471.9192354452917
0.4222957510586854 461.6709736600117
0.42667609787390465 451.79028434274665
0.4311018807091959 442.26175671076464
0.4355735708587308 433.0570359598646
0.44009164450527233 424.135957658643
0.44465658277088416 415.4495248722602
0.4492688717681657 406.9125634170788
0.4539290026520148 398.4512417505137
0.45863747167193136 390.05997633207966
0.4633947802248634 381.721080539496
0.46820143490859745 373.4531393404456
0.4730579475757068 365.2780752125369
0.4779648353880571 357.24280636658915
0.4829226208718801 349.35270771717455
0.48793183197341333 341.6745550853242
0.4929930021151219 334.23730316231075
0.4981066702525033 327.0384486368646
0.5032733809314768 320.04408458625994
0.5084936843463725 313.21417888498615
0.5137681363985226 306.52334979423193
0.5190972987554549 299.9539941368217
0.5244817389107062 293.4767035200578
0.5299220302442523 287.0747604886116
0.535418752083569 280.75651634638024
0.54097248976532 274.5505201900616
0.5465838346976899 268.47953026092955
0.5522533844233646 262.54753774266214
0.5579817426831586 256.7520719115839
0.563769519480309 251.1011635747975
0.5696173311454323 245.5920581919649
0.5755258004021592 240.2089222603464
0.581495556433443 234.93938937190066
0.587527234948563 229.77198971121175
0.5936214782508211 224.69628316484048
0.599778935305937 219.70914410214553
0.6060002618111558 214.8157855298825
0.6122861202650753 210.021386532472
0.61863718003819 205.33055177984747
0.6250541174441738 200.74712047454065
0.6315376158118984 196.26985453717384
0.638088365558202 191.89318861536455
0.6447070642614077 187.61172319776117
0.6513944167356078 183.42038941352283
0.6581511351057221 179.31443602342907
0.6649779388833255 175.29052687452582
0.6718755550432701 171.3482236627487
0.6788447181011017 167.48742519894978
0.6858861701912728 163.7079297546468
0.6930006611461742 160.00944121633063
0.7001889485759815 156.39157431009917
0.7074517979493352 152.85345406360472
0.7147899826748497 149.39311460026485
0.7222042841834742 146.0084812282201
0.7296954920117081 142.69755122837327
0.7372644038856738 139.45839111028337
0.7449118258060671 136.28913397876934
0.752638572133986 133.18797719717602
0.7604454656776535 130.1532969550074
0.7683333377800325 127.18382820102667
0.7763030284073567 124.2783752710914
0.7843553862385788 121.43575634452198
0.7924912687557409 118.65480360082987
0.8007115423352886 115.93436336051136
0.8090170823403318 113.2732962104372
0.8174087732138565 110.6704771143583
0.8258875085729107 108.1247928326393
0.8344541913037621 105.63509907597367
0.8431097336580489 103.20023245234182
0.8518550573499184 100.81905079351014
0.860691093654182 98.49043407162483
0.8696187835054865 96.21328401078216
0.8786390775985088 93.98652370443577
0.8877529364891955 91.80909723857096
0.8969613306970539 89.67996932058821
0.9062652408084954 87.59812491382924
0.9156656575812603 85.56256887767968
0.92516358204992 83.57232564283946
0.9347600256324793 81.62644014862786
0.944456010238075 79.72397784897308
0.9542525683758 77.86402255236369
0.9641507432646561 76.04567596363388
0.9741515889446395 74.26805737226469
0.9842561703889862 72.53030334513217
0.9944655636175819 70.83156742366724
1.0047808558115394 69.17101982538944
1.0152031454289778 67.54784714977133
1.0257335423219895 65.9612520884014
1.0363731678548291 64.41045313939857
1.047123155023326 62.89468432604414
1.057984648575534 61.413194919587575
1.0689588051336347 59.96524916618873
1.080046793317101 58.5501260179533
1.0912497938671513 57.16711891057314
1.1025689997724704 55.81553568308009
1.1140056163962584 54.49469814787823
1.1255608616045853 53.203941756641974
1.1372359658960798 51.94261535293278
1.1490321725329622 50.710080928653134
1.1609507376734358 49.50571338423369
1.1729929305054627 48.32890029250996
1.1851600333819021 47.17904166625781
1.1974533419570768 46.05554972933968
1.2098741653247418 44.95784869142929
1.2224238261574878 43.885374526272415
1.2351036608475885 42.837574753445885
1.2479150196493196 41.81390822357424
1.2608592668227314 40.813844906967894
1.2739377807789354 39.8368656856396
1.287151954226887 38.88246214866308
1.3005031943216931 37.950136390833656
1.3139929228144571 37.03940081459194
1.3276225762036762 36.14977793517192
1.3413936058882225 35.280800217876234
1.3553074783218844 34.43201037815906
1.3693656751695364 33.60296107216016
1.383569693464918 32.7932142430126
1.3979210457700486 32.00234093071858
1.412421260336299 31.22992110111039
1.4270718812671286 30.475543477526834
1.4418744686825269 29.738805375176437
1.4568305988851293 29.01931253815935
1.4719418645280877 28.316678979116375
1.487209874784666 27.630526821477527
1.502636255519599 26.960486144279496
1.518222649462226 26.30619482952335
1.5339707163814218 25.667298412042452
1.5498821332623536 25.043449931850162
1.565958594485042 24.434309788940478
1.5822018120048047 23.839545600508654
1.5986135155345573 23.258832060564504
1.6151954527290073 22.691850801908483
1.6319493893707557 22.138290260440698
1.6488771095583448 21.597845541773584
1.6659804158962248 21.070218290119985
1.683261129686723 20.55511654325378
1.7007210911239883 20.05225387104536
1.7183621594899494 19.561349036474162
1.7361862133523078 19.082126934409153
1.7541951507645788 18.614318545764387
1.772390889468227 18.15766080910681
1.7907753670968614 17.71189649481687
1.8093505413825854 17.276774081752887
1.8281183903644689 16.85204763637495
1.8470809125991856 16.437476694282033
1.8662401273738372 16.03282614411788
1.8855980749209786 15.637866113802112
1.9051568166358954 15.252371859042732
1.924918435296095 14.876123654088865
1.944885035283113 14.508906684680401
1.9650587428066018 14.150510943154853
1.9854417061307472 13.800731125670449
2.0060360958030334 13.459366531506001
2.0268441048853765 13.126220964398634
2.047867949187676 12.80110263588072
2.0691098675037503 12.483824070579084
2.0905721218497555 12.17420201343856
2.1122569977050616 11.872057338861206
2.134166804255628 11.577215145757162
2.1563038746399017 11.289505076651556
2.1786705661972867 11.008760689749206
2.2012692607191457 10.734819241774527
2.2241023647024516 10.467521611260741
2.247172309606046 10.206712223273595
2.270481552109563 9.952238975546614
2.2940325743750347 9.703953166006048
2.317827884311209 9.461709421663276
2.341870015840631 9.22536562885307
2.366161529169448 8.994782864796619
2.3907050110600614 8.769825330467244
2.4155030751065794 8.55036028473853
2.4405583620131366 8.336257979793691
2.4658735398750973 8.127391597775794
2.491451304463172 7.923637188658372
2.517294379510504 7.724873609316291
2.5434055170026872 7.530982463777444
2.5697874974708395 7.341848044634982
2.5964431302876902 7.15735727560116
2.623375253966749 6.977399655183509
2.6505867364645663 6.80186720146442
2.6780804754861594 6.630654371776619
2.705859398793551 6.463657810106017
2.733926464517566 6.300776429069601
2.7622846614728296 6.141911485359263
2.790937009476042 5.98696652866054
2.819886559667555 5.83584735054156
2.849136394836274 5.688461934422885
2.878689629747965 5.544720406606815
2.9085494114769053 5.404534988345537
2.938718919741032 5.26781994892716
2.969201367240541 5.134491559759755
3.0 5.004468049433538
